1.000000e+00,0.000000e+00,0.000000e+00,0.000000e+00,0.000000e+00,0.000000e+00,0.000000e+00,0.000000e+00,0.000000e+00,0.000000e+00,0.000000e+00,0.000000e+00,0.000000e+00,0.000000e+00,0.000000e+00
1.000000e+00,0.000000e+00,0.000000e+00,0.000000e+00,0.000000e+00,0.000000e+00,0.000000e+00,0.000000e+00,0.000000e+00,0.000000e+00,0.000000e+00,0.000000e+00,0.000000e+00,0.000000e+00,0.000000e+00
1.000000e+00,0.000000e+00,0.000000e+00,0.000000e+00,0.000000e+00,0.000000e+00,0.000000e+00,0.000000e+00,0.000000e+00,0.000000e+00,0.000000e+00,0.000000e+00,0.000000e+00,0.000000e+00,0.000000e+00
1.000000e+00,0.000000e+00,0.000000e+00,0.000000e+00,0.000000e+00,0.000000e+00,0.000000e+00,0.000000e+00,0.000000e+00,0.000000e+00,0.000000e+00,0.000000e+00,0.000000e+00,0.000000e+00,0.000000e+00
1.000000e+00,0.000000e+00,0.000000e+00,0.000000e+00,0.000000e+00,0.000000e+00,0.000000e+00,0.000000e+00,0.000000e+00,0.000000e+00,0.000000e+00,0.000000e+00,0.000000e+00,0.000000e+00,0.000000e+00
1.000000e+00,0.000000e+00,0.000000e+00,0.000000e+00,0.000000e+00,0.000000e+00,0.000000e+00,0.000000e+00,0.000000e+00,0.000000e+00,0.000000e+00,0.000000e+00,0.000000e+00,0.000000e+00,0.000000e+00
1.000000e+00,0.000000e+00,0.000000e+00,0.000000e+00,0.000000e+00,0.000000e+00,0.000000e+00,0.000000e+00,0.000000e+00,0.000000e+00,0.000000e+00,0.000000e+00,0.000000e+00,0.000000e+00,0.000000e+00
1.000000e+00,0.000000e+00,0.000000e+00,0.000000e+00,0.000000e+00,0.000000e+00,0.000000e+00,0.000000e+00,0.000000e+00,0.000000e+00,0.000000e+00,0.000000e+00,0.000000e+00,0.000000e+00,0.000000e+00
1.000000e+00,0.000000e+00,0.000000e+00,0.000000e+00,0.000000e+00,0.000000e+00,0.000000e+00,0.000000e+00,0.000000e+00,0.000000e+00,0.000000e+00,0.000000e+00,0.000000e+00,0.000000e+00,0.000000e+00
1.000000e+00,0.000000e+00,0.000000e+00,0.000000e+00,0.000000e+00,0.000000e+00,0.000000e+00,0.000000e+00,0.000000e+00,0.000000e+00,0.000000e+00,0.000000e+00,0.000000e+00,0.000000e+00,0.000000e+00
1.000000e+00,0.000000e+00,0.000000e+00,0.000000e+00,0.000000e+00,0.000000e+00,0.000000e+00,0.000000e+00,0.000000e+00,0.000000e+00,0.000000e+00,0.000000e+00,0.000000e+00,0.000000e+00,0.000000e+00
1.000000e+00,0.000000e+00,0.000000e+00,0.000000e+00,0.000000e+00,0.000000e+00,0.000000e+00,0.000000e+00,0.000000e+00,0.000000e+00,0.000000e+00,0.000000e+00,0.000000e+00,0.000000e+00,0.000000e+00
1.000000e+00,0.000000e+00,0.000000e+00,0.000000e+00,0.000000e+00,0.000000e+00,0.000000e+00,0.000000e+00,0.000000e+00,0.000000e+00,0.000000e+00,0.000000e+00,0.000000e+00,0.000000e+00,0.000000e+00
1.000000e+00,0.000000e+00,0.000000e+00,0.000000e+00,0.000000e+00,0.000000e+00,0.000000e+00,0.000000e+00,0.000000e+00,0.000000e+00,0.000000e+00,0.000000e+00,0.000000e+00,0.000000e+00,0.000000e+00
1.000000e+00,0.000000e+00,0.000000e+00,0.000000e+00,0.000000e+00,0.000000e+00,0.000000e+00,0.000000e+00,0.000000e+00,0.000000e+00,0.000000e+00,0.000000e+00,0.000000e+00,0.000000e+00,0.000000e+00
1.000000e+00,0.000000e+00,0.000000e+00,0.000000e+00,0.000000e+00,0.000000e+00,0.000000e+00,0.000000e+00,0.000000e+00,0.000000e+00,0.000000e+00,0.000000e+00,0.000000e+00,0.000000e+00,0.000000e+00
1.000000e+00,0.000000e+00,0.000000e+00,0.000000e+00,0.000000e+00,0.000000e+00,0.000000e+00,0.000000e+00,0.000000e+00,0.000000e+00,0.000000e+00,0.000000e+00,0.000000e+00,0.000000e+00,0.000000e+00
1.000000e+00,0.000000e+00,0.000000e+00,0.000000e+00,0.000000e+00,0.000000e+00,0.000000e+00,0.000000e+00,0.000000e+00,0.000000e+00,0.000000e+00,0.000000e+00,0.000000e+00,0.000000e+00,0.000000e+00
1.000000e+00,0.000000e+00,0.000000e+00,0.000000e+00,0.000000e+00,0.000000e+00,0.000000e+00,0.000000e+00,0.000000e+00,0.000000e+00,0.000000e+00,0.000000e+00,0.000000e+00,0.000000e+00,0.000000e+00
1.000000e+00,0.000000e+00,0.000000e+00,0.000000e+00,0.000000e+00,0.000000e+00,0.000000e+00,0.000000e+00,0.000000e+00,0.000000e+00,0.000000e+00,0.000000e+00,0.000000e+00,0.000000e+00,0.000000e+00
1.000000e+00,0.000000e+00,0.000000e+00,0.000000e+00,0.000000e+00,0.000000e+00,0.000000e+00,0.000000e+00,0.000000e+00,0.000000e+00,0.000000e+00,0.000000e+00,0.000000e+00,0.000000e+00,0.000000e+00
1.000000e+00,0.000000e+00,0.000000e+00,0.000000e+00,0.000000e+00,0.000000e+00,0.000000e+00,0.000000e+00,0.000000e+00,0.000000e+00,0.000000e+00,0.000000e+00,0.000000e+00,0.000000e+00,0.000000e+00
1.000000e+00,0.000000e+00,0.000000e+00,0.000000e+00,0.000000e+00,0.000000e+00,0.000000e+00,0.000000e+00,0.000000e+00,0.000000e+00,0.000000e+00,0.000000e+00,0.000000e+00,0.000000e+00,0.000000e+00
1.000000e+00,0.000000e+00,0.000000e+00,0.000000e+00,0.000000e+00,0.000000e+00,0.000000e+00,0.000000e+00,0.000000e+00,0.000000e+00,0.000000e+00,0.000000e+00,0.000000e+00,0.000000e+00,0.000000e+00
1.000000e+00,0.000000e+00,0.000000e+00,0.000000e+00,0.000000e+00,0.000000e+00,0.000000e+00,0.000000e+00,0.000000e+00,0.000000e+00,0.000000e+00,0.000000e+00,0.000000e+00,0.000000e+00,0.000000e+00
1.000000e+00,0.000000e+00,0.000000e+00,0.000000e+00,0.000000e+00,0.000000e+00,0.000000e+00,0.000000e+00,0.000000e+00,0.000000e+00,0.000000e+00,0.000000e+00,0.000000e+00,0.000000e+00,0.000000e+00
1.000000e+00,0.000000e+00,0.000000e+00,0.000000e+00,0.000000e+00,0.000000e+00,0.000000e+00,0.000000e+00,0.000000e+00,0.000000e+00,0.000000e+00,0.000000e+00,0.000000e+00,0.000000e+00,0.000000e+00
1.000000e+00,0.000000e+00,0.000000e+00,0.000000e+00,0.000000e+00,0.000000e+00,0.000000e+00,0.000000e+00,0.000000e+00,0.000000e+00,0.000000e+00,0.000000e+00,0.000000e+00,0.000000e+00,0.000000e+00
1.000000e+00,0.000000e+00,0.000000e+00,0.000000e+00,0.000000e+00,0.000000e+00,0.000000e+00,0.000000e+00,0.000000e+00,0.000000e+00,0.000000e+00,0.000000e+00,0.000000e+00,0.000000e+00,0.000000e+00
1.000000e+00,0.000000e+00,0.000000e+00,0.000000e+00,0.000000e+00,0.000000e+00,0.000000e+00,0.000000e+00,0.000000e+00,0.000000e+00,0.000000e+00,0.000000e+00,0.000000e+00,0.000000e+00,0.000000e+00
1.000000e+00,0.000000e+00,0.000000e+00,0.000000e+00,0.000000e+00,0.000000e+00,0.000000e+00,0.000000e+00,0.000000e+00,0.000000e+00,0.000000e+00,0.000000e+00,0.000000e+00,0.000000e+00,0.000000e+00
1.000000e+00,0.000000e+00,0.000000e+00,0.000000e+00,0.000000e+00,0.000000e+00,0.000000e+00,0.000000e+00,0.000000e+00,0.000000e+00,0.000000e+00,0.000000e+00,0.000000e+00,0.000000e+00,0.000000e+00
1.000000e+00,0.000000e+00,0.000000e+00,0.000000e+00,0.000000e+00,0.000000e+00,0.000000e+00,0.000000e+00,0.000000e+00,0.000000e+00,0.000000e+00,0.000000e+00,0.000000e+00,0.000000e+00,0.000000e+00
1.000000e+00,0.000000e+00,0.000000e+00,0.000000e+00,0.000000e+00,0.000000e+00,0.000000e+00,0.000000e+00,0.000000e+00,0.000000e+00,0.000000e+00,0.000000e+00,0.000000e+00,0.000000e+00,0.000000e+00
1.000000e+00,0.000000e+00,0.000000e+00,0.000000e+00,0.000000e+00,0.000000e+00,0.000000e+00,0.000000e+00,0.000000e+00,0.000000e+00,0.000000e+00,0.000000e+00,0.000000e+00,0.000000e+00,0.000000e+00
1.000000e+00,0.000000e+00,0.000000e+00,0.000000e+00,0.000000e+00,0.000000e+00,0.000000e+00,0.000000e+00,0.000000e+00,0.000000e+00,0.000000e+00,0.000000e+00,0.000000e+00,0.000000e+00,0.000000e+00
1.000000e+00,0.000000e+00,0.000000e+00,0.000000e+00,0.000000e+00,0.000000e+00,0.000000e+00,0.000000e+00,0.000000e+00,0.000000e+00,0.000000e+00,0.000000e+00,0.000000e+00,0.000000e+00,0.000000e+00
1.000000e+00,0.000000e+00,0.000000e+00,0.000000e+00,0.000000e+00,0.000000e+00,0.000000e+00,0.000000e+00,0.000000e+00,0.000000e+00,0.000000e+00,0.000000e+00,0.000000e+00,0.000000e+00,0.000000e+00
1.000000e+00,0.000000e+00,0.000000e+00,0.000000e+00,0.000000e+00,0.000000e+00,0.000000e+00,0.000000e+00,0.000000e+00,0.000000e+00,0.000000e+00,0.000000e+00,0.000000e+00,0.000000e+00,0.000000e+00
1.000000e+00,0.000000e+00,0.000000e+00,0.000000e+00,0.000000e+00,0.000000e+00,0.000000e+00,0.000000e+00,0.000000e+00,0.000000e+00,0.000000e+00,0.000000e+00,0.000000e+00,0.000000e+00,0.000000e+00
1.000000e+00,0.000000e+00,0.000000e+00,0.000000e+00,0.000000e+00,0.000000e+00,0.000000e+00,0.000000e+00,0.000000e+00,0.000000e+00,0.000000e+00,0.000000e+00,0.000000e+00,0.000000e+00,0.000000e+00
1.000000e+00,0.000000e+00,0.000000e+00,0.000000e+00,0.000000e+00,0.000000e+00,0.000000e+00,0.000000e+00,0.000000e+00,0.000000e+00,0.000000e+00,0.000000e+00,0.000000e+00,0.000000e+00,0.000000e+00
1.000000e+00,0.000000e+00,0.000000e+00,0.000000e+00,0.000000e+00,0.000000e+00,0.000000e+00,0.000000e+00,0.000000e+00,0.000000e+00,0.000000e+00,0.000000e+00,0.000000e+00,0.000000e+00,0.000000e+00
1.000000e+00,0.000000e+00,0.000000e+00,0.000000e+00,0.000000e+00,0.000000e+00,0.000000e+00,0.000000e+00,0.000000e+00,0.000000e+00,0.000000e+00,0.000000e+00,0.000000e+00,0.000000e+00,0.000000e+00
1.000000e+00,0.000000e+00,0.000000e+00,0.000000e+00,0.000000e+00,0.000000e+00,0.000000e+00,0.000000e+00,0.000000e+00,0.000000e+00,0.000000e+00,0.000000e+00,0.000000e+00,0.000000e+00,0.000000e+00
1.000000e+00,0.000000e+00,0.000000e+00,0.000000e+00,0.000000e+00,0.000000e+00,0.000000e+00,0.000000e+00,0.000000e+00,0.000000e+00,0.000000e+00,0.000000e+00,0.000000e+00,0.000000e+00,0.000000e+00
1.000000e+00,0.000000e+00,0.000000e+00,0.000000e+00,0.000000e+00,0.000000e+00,0.000000e+00,0.000000e+00,0.000000e+00,0.000000e+00,0.000000e+00,0.000000e+00,0.000000e+00,0.000000e+00,0.000000e+00
1.000000e+00,0.000000e+00,0.000000e+00,0.000000e+00,0.000000e+00,0.000000e+00,0.000000e+00,0.000000e+00,0.000000e+00,0.000000e+00,0.000000e+00,0.000000e+00,0.000000e+00,0.000000e+00,0.000000e+00
1.000000e+00,0.000000e+00,0.000000e+00,0.000000e+00,0.000000e+00,0.000000e+00,0.000000e+00,0.000000e+00,0.000000e+00,0.000000e+00,0.000000e+00,0.000000e+00,0.000000e+00,0.000000e+00,0.000000e+00
1.000000e+00,0.000000e+00,0.000000e+00,0.000000e+00,0.000000e+00,0.000000e+00,0.000000e+00,0.000000e+00,0.000000e+00,0.000000e+00,0.000000e+00,0.000000e+00,0.000000e+00,0.000000e+00,0.000000e+00
1.000000e+00,0.000000e+00,0.000000e+00,0.000000e+00,0.000000e+00,0.000000e+00,0.000000e+00,0.000000e+00,0.000000e+00,0.000000e+00,0.000000e+00,0.000000e+00,0.000000e+00,0.000000e+00,0.000000e+00
1.000000e+00,0.000000e+00,0.000000e+00,0.000000e+00,0.000000e+00,0.000000e+00,0.000000e+00,0.000000e+00,0.000000e+00,0.000000e+00,0.000000e+00,0.000000e+00,0.000000e+00,0.000000e+00,0.000000e+00
1.000000e+00,0.000000e+00,0.000000e+00,0.000000e+00,0.000000e+00,0.000000e+00,0.000000e+00,0.000000e+00,0.000000e+00,0.000000e+00,0.000000e+00,0.000000e+00,0.000000e+00,0.000000e+00,0.000000e+00
1.000000e+00,0.000000e+00,0.000000e+00,0.000000e+00,0.000000e+00,0.000000e+00,0.000000e+00,0.000000e+00,0.000000e+00,0.000000e+00,0.000000e+00,0.000000e+00,0.000000e+00,0.000000e+00,0.000000e+00
1.000000e+00,0.000000e+00,0.000000e+00,0.000000e+00,0.000000e+00,0.000000e+00,0.000000e+00,0.000000e+00,0.000000e+00,0.000000e+00,0.000000e+00,0.000000e+00,0.000000e+00,0.000000e+00,0.000000e+00
1.000000e+00,0.000000e+00,0.000000e+00,0.000000e+00,0.000000e+00,0.000000e+00,0.000000e+00,0.000000e+00,0.000000e+00,0.000000e+00,0.000000e+00,0.000000e+00,0.000000e+00,0.000000e+00,0.000000e+00
1.000000e+00,0.000000e+00,0.000000e+00,0.000000e+00,0.000000e+00,0.000000e+00,0.000000e+00,0.000000e+00,0.000000e+00,0.000000e+00,0.000000e+00,0.000000e+00,0.000000e+00,0.000000e+00,0.000000e+00
1.000000e+00,0.000000e+00,0.000000e+00,0.000000e+00,0.000000e+00,0.000000e+00,0.000000e+00,0.000000e+00,0.000000e+00,0.000000e+00,0.000000e+00,0.000000e+00,0.000000e+00,0.000000e+00,0.000000e+00
1.000000e+00,0.000000e+00,0.000000e+00,0.000000e+00,0.000000e+00,0.000000e+00,0.000000e+00,0.000000e+00,0.000000e+00,0.000000e+00,0.000000e+00,0.000000e+00,0.000000e+00,0.000000e+00,0.000000e+00
4.912330e-01,1.651275e-02,5.517396e-02,3.267043e-02,8.417065e-03,7.521950e-02,4.923104e-02,1.706190e-01,5.171443e-03,1.588807e-03,8.210002e-03,3.185976e-02,3.537112e-02,2.717876e-03,1.600431e-02
3.966284e-01,1.419902e-02,8.436760e-02,2.900891e-02,7.785171e-03,8.369631e-02,6.290314e-02,2.363200e-01,4.074568e-03,1.376919e-03,7.147267e-03,2.670611e-02,3.024151e-02,2.361673e-03,1.318342e-02
3.489880e-01,1.231184e-02,1.211633e-01,2.633464e-02,7.117799e-03,8.693375e-02,8.491602e-02,2.399788e-01,3.282344e-03,1.192300e-03,6.051681e-03,2.162755e-02,2.666586e-02,2.149186e-03,1.128695e-02
3.717265e-01,1.100810e-02,1.372369e-01,2.415617e-02,6.614548e-03,7.224366e-02,8.392931e-02,2.318102e-01,2.775594e-03,1.106082e-03,5.617496e-03,1.797598e-02,2.127907e-02,2.261782e-03,1.025860e-02
4.018865e-01,9.785341e-03,1.266130e-01,2.208264e-02,5.981194e-03,5.793391e-02,7.457013e-02,2.459505e-01,2.425712e-03,1.139574e-03,5.903165e-03,1.568776e-02,1.749504e-02,2.933525e-03,9.611946e-03
4.132396e-01,8.525522e-03,1.099874e-01,1.965041e-02,5.386611e-03,4.654093e-02,6.755536e-02,2.787036e-01,2.173654e-03,1.159102e-03,5.822999e-03,1.377005e-02,1.499967e-02,3.395106e-03,9.090018e-03
3.851631e-01,7.239216e-03,9.749319e-02,1.785476e-02,4.647900e-03,3.833980e-02,6.260359e-02,3.425674e-01,1.891177e-03,1.035976e-03,5.136825e-03,1.221585e-02,1.262745e-02,3.233705e-03,7.950176e-03
3.646961e-01,6.113351e-03,8.454199e-02,1.467047e-02,4.248518e-03,4.071324e-02,1.116567e-01,3.332845e-01,1.684340e-03,9.485210e-04,4.489655e-03,1.088447e-02,1.171817e-02,2.986805e-03,7.363207e-03
3.785396e-01,5.213997e-03,6.884128e-02,1.250707e-02,3.743920e-03,3.790286e-02,1.111939e-01,3.460087e-01,1.491599e-03,8.876408e-04,3.813646e-03,9.496378e-03,1.078613e-02,2.670447e-03,6.902872e-03
4.173042e-01,5.526711e-03,5.452754e-02,1.074614e-02,3.724500e-03,3.623526e-02,1.047698e-01,3.306737e-01,1.565936e-03,9.552017e-04,3.434334e-03,8.764537e-03,1.107770e-02,2.859662e-03,7.834801e-03
4.538792e-01,5.434240e-03,4.231180e-02,8.800792e-03,3.338725e-03,3.514321e-02,1.140470e-01,2.935590e-01,2.161093e-03,1.122363e-03,3.489183e-03,8.836846e-03,1.515143e-02,2.928238e-03,9.797014e-03
1.000000e+00,0.000000e+00,0.000000e+00,0.000000e+00,0.000000e+00,0.000000e+00,0.000000e+00,0.000000e+00,0.000000e+00,0.000000e+00,0.000000e+00,0.000000e+00,0.000000e+00,0.000000e+00,0.000000e+00
1.000000e+00,0.000000e+00,0.000000e+00,0.000000e+00,0.000000e+00,0.000000e+00,0.000000e+00,0.000000e+00,0.000000e+00,0.000000e+00,0.000000e+00,0.000000e+00,0.000000e+00,0.000000e+00,0.000000e+00
1.000000e+00,0.000000e+00,0.000000e+00,0.000000e+00,0.000000e+00,0.000000e+00,0.000000e+00,0.000000e+00,0.000000e+00,0.000000e+00,0.000000e+00,0.000000e+00,0.000000e+00,0.000000e+00,0.000000e+00
1.000000e+00,0.000000e+00,0.000000e+00,0.000000e+00,0.000000e+00,0.000000e+00,0.000000e+00,0.000000e+00,0.000000e+00,0.000000e+00,0.000000e+00,0.000000e+00,0.000000e+00,0.000000e+00,0.000000e+00
1.000000e+00,0.000000e+00,0.000000e+00,0.000000e+00,0.000000e+00,0.000000e+00,0.000000e+00,0.000000e+00,0.000000e+00,0.000000e+00,0.000000e+00,0.000000e+00,0.000000e+00,0.000000e+00,0.000000e+00
1.000000e+00,0.000000e+00,0.000000e+00,0.000000e+00,0.000000e+00,0.000000e+00,0.000000e+00,0.000000e+00,0.000000e+00,0.000000e+00,0.000000e+00,0.000000e+00,0.000000e+00,0.000000e+00,0.000000e+00
1.000000e+00,0.000000e+00,0.000000e+00,0.000000e+00,0.000000e+00,0.000000e+00,0.000000e+00,0.000000e+00,0.000000e+00,0.000000e+00,0.000000e+00,0.000000e+00,0.000000e+00,0.000000e+00,0.000000e+00
1.000000e+00,0.000000e+00,0.000000e+00,0.000000e+00,0.000000e+00,0.000000e+00,0.000000e+00,0.000000e+00,0.000000e+00,0.000000e+00,0.000000e+00,0.000000e+00,0.000000e+00,0.000000e+00,0.000000e+00
1.000000e+00,0.000000e+00,0.000000e+00,0.000000e+00,0.000000e+00,0.000000e+00,0.000000e+00,0.000000e+00,0.000000e+00,0.000000e+00,0.000000e+00,0.000000e+00,0.000000e+00,0.000000e+00,0.000000e+00
1.000000e+00,0.000000e+00,0.000000e+00,0.000000e+00,0.000000e+00,0.000000e+00,0.000000e+00,0.000000e+00,0.000000e+00,0.000000e+00,0.000000e+00,0.000000e+00,0.000000e+00,0.000000e+00,0.000000e+00
1.000000e+00,0.000000e+00,0.000000e+00,0.000000e+00,0.000000e+00,0.000000e+00,0.000000e+00,0.000000e+00,0.000000e+00,0.000000e+00,0.000000e+00,0.000000e+00,0.000000e+00,0.000000e+00,0.000000e+00
1.000000e+00,0.000000e+00,0.000000e+00,0.000000e+00,0.000000e+00,0.000000e+00,0.000000e+00,0.000000e+00,0.000000e+00,0.000000e+00,0.000000e+00,0.000000e+00,0.000000e+00,0.000000e+00,0.000000e+00
1.000000e+00,0.000000e+00,0.000000e+00,0.000000e+00,0.000000e+00,0.000000e+00,0.000000e+00,0.000000e+00,0.000000e+00,0.000000e+00,0.000000e+00,0.000000e+00,0.000000e+00,0.000000e+00,0.000000e+00
1.000000e+00,0.000000e+00,0.000000e+00,0.000000e+00,0.000000e+00,0.000000e+00,0.000000e+00,0.000000e+00,0.000000e+00,0.000000e+00,0.000000e+00,0.000000e+00,0.000000e+00,0.000000e+00,0.000000e+00
1.000000e+00,0.000000e+00,0.000000e+00,0.000000e+00,0.000000e+00,0.000000e+00,0.000000e+00,0.000000e+00,0.000000e+00,0.000000e+00,0.000000e+00,0.000000e+00,0.000000e+00,0.000000e+00,0.000000e+00
1.000000e+00,0.000000e+00,0.000000e+00,0.000000e+00,0.000000e+00,0.000000e+00,0.000000e+00,0.000000e+00,0.000000e+00,0.000000e+00,0.000000e+00,0.000000e+00,0.000000e+00,0.000000e+00,0.000000e+00
1.000000e+00,0.000000e+00,0.000000e+00,0.000000e+00,0.000000e+00,0.000000e+00,0.000000e+00,0.000000e+00,0.000000e+00,0.000000e+00,0.000000e+00,0.000000e+00,0.000000e+00,0.000000e+00,0.000000e+00
1.000000e+00,0.000000e+00,0.000000e+00,0.000000e+00,0.000000e+00,0.000000e+00,0.000000e+00,0.000000e+00,0.000000e+00,0.000000e+00,0.000000e+00,0.000000e+00,0.000000e+00,0.000000e+00,0.000000e+00
1.000000e+00,0.000000e+00,0.000000e+00,0.000000e+00,0.000000e+00,0.000000e+00,0.000000e+00,0.000000e+00,0.000000e+00,0.000000e+00,0.000000e+00,0.000000e+00,0.000000e+00,0.000000e+00,0.000000e+00
1.000000e+00,0.000000e+00,0.000000e+00,0.000000e+00,0.000000e+00,0.000000e+00,0.000000e+00,0.000000e+00,0.000000e+00,0.000000e+00,0.000000e+00,0.000000e+00,0.000000e+00,0.000000e+00,0.000000e+00
1.000000e+00,0.000000e+00,0.000000e+00,0.000000e+00,0.000000e+00,0.000000e+00,0.000000e+00,0.000000e+00,0.000000e+00,0.000000e+00,0.000000e+00,0.000000e+00,0.000000e+00,0.000000e+00,0.000000e+00
1.000000e+00,0.000000e+00,0.000000e+00,0.000000e+00,0.000000e+00,0.000000e+00,0.000000e+00,0.000000e+00,0.000000e+00,0.000000e+00,0.000000e+00,0.000000e+00,0.000000e+00,0.000000e+00,0.000000e+00
1.000000e+00,0.000000e+00,0.000000e+00,0.000000e+00,0.000000e+00,0.000000e+00,0.000000e+00,0.000000e+00,0.000000e+00,0.000000e+00,0.000000e+00,0.000000e+00,0.000000e+00,0.000000e+00,0.000000e+00
1.000000e+00,0.000000e+00,0.000000e+00,0.000000e+00,0.000000e+00,0.000000e+00,0.000000e+00,0.000000e+00,0.000000e+00,0.000000e+00,0.000000e+00,0.000000e+00,0.000000e+00,0.000000e+00,0.000000e+00
1.000000e+00,0.000000e+00,0.000000e+00,0.000000e+00,0.000000e+00,0.000000e+00,0.000000e+00,0.000000e+00,0.000000e+00,0.000000e+00,0.000000e+00,0.000000e+00,0.000000e+00,0.000000e+00,0.000000e+00
1.000000e+00,0.000000e+00,0.000000e+00,0.000000e+00,0.000000e+00,0.000000e+00,0.000000e+00,0.000000e+00,0.000000e+00,0.000000e+00,0.000000e+00,0.000000e+00,0.000000e+00,0.000000e+00,0.000000e+00
4.904963e-01,4.781048e-02,2.301925e-03,1.439704e-02,3.677348e-03,4.989422e-02,2.606544e-03,3.259562e-03,2.849342e-02,1.628756e-03,8.963112e-03,1.840569e-02,3.144699e-01,1.739199e-03,1.185653e-02
4.353426e-01,5.139382e-02,2.008916e-03,1.271084e-02,4.993785e-03,4.024598e-02,2.567315e-03,4.469044e-03,4.424816e-02,2.158558e-03,7.751375e-03,1.595601e-02,3.608765e-01,2.086887e-03,1.319027e-02
4.473404e-01,5.982652e-02,1.876419e-03,1.134209e-02,5.222396e-03,3.821662e-02,2.354192e-03,4.650752e-03,6.329959e-02,2.143443e-03,6.729548e-03,1.272098e-02,3.262180e-01,2.210545e-03,1.584851e-02
4.563304e-01,6.794315e-02,1.917334e-03,1.027966e-02,5.823893e-03,4.524348e-02,2.330540e-03,6.121185e-03,7.658030e-02,2.257632e-03,5.853249e-03,1.049080e-02,2.827039e-01,2.817892e-03,2.330652e-02
1.000000e+00,0.000000e+00,0.000000e+00,0.000000e+00,0.000000e+00,0.000000e+00,0.000000e+00,0.000000e+00,0.000000e+00,0.000000e+00,0.000000e+00,0.000000e+00,0.000000e+00,0.000000e+00,0.000000e+00
1.000000e+00,0.000000e+00,0.000000e+00,0.000000e+00,0.000000e+00,0.000000e+00,0.000000e+00,0.000000e+00,0.000000e+00,0.000000e+00,0.000000e+00,0.000000e+00,0.000000e+00,0.000000e+00,0.000000e+00
1.000000e+00,0.000000e+00,0.000000e+00,0.000000e+00,0.000000e+00,0.000000e+00,0.000000e+00,0.000000e+00,0.000000e+00,0.000000e+00,0.000000e+00,0.000000e+00,0.000000e+00,0.000000e+00,0.000000e+00
1.000000e+00,0.000000e+00,0.000000e+00,0.000000e+00,0.000000e+00,0.000000e+00,0.000000e+00,0.000000e+00,0.000000e+00,0.000000e+00,0.000000e+00,0.000000e+00,0.000000e+00,0.000000e+00,0.000000e+00
1.000000e+00,0.000000e+00,0.000000e+00,0.000000e+00,0.000000e+00,0.000000e+00,0.000000e+00,0.000000e+00,0.000000e+00,0.000000e+00,0.000000e+00,0.000000e+00,0.000000e+00,0.000000e+00,0.000000e+00
4.758478e-01,3.189337e-02,2.096409e-03,1.579715e-02,1.266559e-02,1.404541e-01,2.612591e-03,7.411219e-03,8.708750e-02,5.470566e-03,3.643024e-03,1.140423e-02,1.571349e-01,3.779775e-03,4.270175e-02
3.893004e-01,3.373972e-02,1.752547e-03,1.324396e-02,1.491329e-02,1.831845e-01,2.556821e-03,7.206400e-03,9.434118e-02,6.142993e-03,3.074892e-03,9.593132e-03,2.009425e-01,3.074860e-03,3.693286e-02
3.188882e-01,3.086034e-02,1.565778e-03,1.123160e-02,1.425008e-02,1.659445e-01,2.254837e-03,6.331713e-03,8.648898e-02,6.397070e-03,2.816476e-03,8.112042e-03,3.121880e-01,2.615945e-03,3.005452e-02
2.907051e-01,3.280381e-02,1.768956e-03,1.326670e-02,1.407048e-02,1.414469e-01,2.182904e-03,5.753611e-03,8.015096e-02,6.680361e-03,3.084686e-03,8.866424e-03,3.660709e-01,2.676757e-03,3.047147e-02
2.876947e-01,2.825151e-02,1.894377e-03,1.626985e-02,1.295480e-02,1.176885e-01,1.957773e-03,5.717493e-03,7.203906e-02,5.437396e-03,3.725728e-03,1.081208e-02,4.041366e-01,3.044039e-03,2.837618e-02
3.489113e-01,2.412436e-02,2.873048e-03,2.219950e-02,1.485785e-02,9.893323e-02,2.738879e-03,9.508614e-03,6.911036e-02,4.473690e-03,5.647392e-03,1.989918e-02,3.484186e-01,3.571586e-03,2.473243e-02
3.939092e-01,2.311413e-02,4.164247e-03,2.924347e-02,1.606554e-02,9.132291e-02,3.192865e-03,1.107781e-02,6.967629e-02,4.126357e-03,7.849902e-03,3.113335e-02,2.867018e-01,4.489398e-03,2.393275e-02
4.574506e-01,2.460778e-02,7.057178e-03,3.310009e-02,1.556459e-02,7.651873e-02,4.596508e-03,1.461249e-02,6.974755e-02,3.827333e-03,8.555585e-03,3.536980e-02,2.208503e-01,4.925490e-03,2.321594e-02
4.760832e-01,2.785249e-02,1.177243e-02,3.545647e-02,1.539983e-02,8.161031e-02,7.445928e-03,1.973398e-02,7.648015e-02,3.516807e-03,8.820505e-03,3.750899e-02,1.708194e-01,5.323719e-03,2.217577e-02
1.000000e+00,0.000000e+00,0.000000e+00,0.000000e+00,0.000000e+00,0.000000e+00,0.000000e+00,0.000000e+00,0.000000e+00,0.000000e+00,0.000000e+00,0.000000e+00,0.000000e+00,0.000000e+00,0.000000e+00
1.000000e+00,0.000000e+00,0.000000e+00,0.000000e+00,0.000000e+00,0.000000e+00,0.000000e+00,0.000000e+00,0.000000e+00,0.000000e+00,0.000000e+00,0.000000e+00,0.000000e+00,0.000000e+00,0.000000e+00
1.000000e+00,0.000000e+00,0.000000e+00,0.000000e+00,0.000000e+00,0.000000e+00,0.000000e+00,0.000000e+00,0.000000e+00,0.000000e+00,0.000000e+00,0.000000e+00,0.000000e+00,0.000000e+00,0.000000e+00
1.000000e+00,0.000000e+00,0.000000e+00,0.000000e+00,0.000000e+00,0.000000e+00,0.000000e+00,0.000000e+00,0.000000e+00,0.000000e+00,0.000000e+00,0.000000e+00,0.000000e+00,0.000000e+00,0.000000e+00
1.000000e+00,0.000000e+00,0.000000e+00,0.000000e+00,0.000000e+00,0.000000e+00,0.000000e+00,0.000000e+00,0.000000e+00,0.000000e+00,0.000000e+00,0.000000e+00,0.000000e+00,0.000000e+00,0.000000e+00
1.000000e+00,0.000000e+00,0.000000e+00,0.000000e+00,0.000000e+00,0.000000e+00,0.000000e+00,0.000000e+00,0.000000e+00,0.000000e+00,0.000000e+00,0.000000e+00,0.000000e+00,0.000000e+00,0.000000e+00
1.000000e+00,0.000000e+00,0.000000e+00,0.000000e+00,0.000000e+00,0.000000e+00,0.000000e+00,0.000000e+00,0.000000e+00,0.000000e+00,0.000000e+00,0.000000e+00,0.000000e+00,0.000000e+00,0.000000e+00
1.000000e+00,0.000000e+00,0.000000e+00,0.000000e+00,0.000000e+00,0.000000e+00,0.000000e+00,0.000000e+00,0.000000e+00,0.000000e+00,0.000000e+00,0.000000e+00,0.000000e+00,0.000000e+00,0.000000e+00
1.000000e+00,0.000000e+00,0.000000e+00,0.000000e+00,0.000000e+00,0.000000e+00,0.000000e+00,0.000000e+00,0.000000e+00,0.000000e+00,0.000000e+00,0.000000e+00,0.000000e+00,0.000000e+00,0.000000e+00
1.000000e+00,0.000000e+00,0.000000e+00,0.000000e+00,0.000000e+00,0.000000e+00,0.000000e+00,0.000000e+00,0.000000e+00,0.000000e+00,0.000000e+00,0.000000e+00,0.000000e+00,0.000000e+00,0.000000e+00
1.000000e+00,0.000000e+00,0.000000e+00,0.000000e+00,0.000000e+00,0.000000e+00,0.000000e+00,0.000000e+00,0.000000e+00,0.000000e+00,0.000000e+00,0.000000e+00,0.000000e+00,0.000000e+00,0.000000e+00
1.000000e+00,0.000000e+00,0.000000e+00,0.000000e+00,0.000000e+00,0.000000e+00,0.000000e+00,0.000000e+00,0.000000e+00,0.000000e+00,0.000000e+00,0.000000e+00,0.000000e+00,0.000000e+00,0.000000e+00
1.000000e+00,0.000000e+00,0.000000e+00,0.000000e+00,0.000000e+00,0.000000e+00,0.000000e+00,0.000000e+00,0.000000e+00,0.000000e+00,0.000000e+00,0.000000e+00,0.000000e+00,0.000000e+00,0.000000e+00
1.000000e+00,0.000000e+00,0.000000e+00,0.000000e+00,0.000000e+00,0.000000e+00,0.000000e+00,0.000000e+00,0.000000e+00,0.000000e+00,0.000000e+00,0.000000e+00,0.000000e+00,0.000000e+00,0.000000e+00
1.000000e+00,0.000000e+00,0.000000e+00,0.000000e+00,0.000000e+00,0.000000e+00,0.000000e+00,0.000000e+00,0.000000e+00,0.000000e+00,0.000000e+00,0.000000e+00,0.000000e+00,0.000000e+00,0.000000e+00
1.000000e+00,0.000000e+00,0.000000e+00,0.000000e+00,0.000000e+00,0.000000e+00,0.000000e+00,0.000000e+00,0.000000e+00,0.000000e+00,0.000000e+00,0.000000e+00,0.000000e+00,0.000000e+00,0.000000e+00
1.000000e+00,0.000000e+00,0.000000e+00,0.000000e+00,0.000000e+00,0.000000e+00,0.000000e+00,0.000000e+00,0.000000e+00,0.000000e+00,0.000000e+00,0.000000e+00,0.000000e+00,0.000000e+00,0.000000e+00
1.000000e+00,0.000000e+00,0.000000e+00,0.000000e+00,0.000000e+00,0.000000e+00,0.000000e+00,0.000000e+00,0.000000e+00,0.000000e+00,0.000000e+00,0.000000e+00,0.000000e+00,0.000000e+00,0.000000e+00
1.000000e+00,0.000000e+00,0.000000e+00,0.000000e+00,0.000000e+00,0.000000e+00,0.000000e+00,0.000000e+00,0.000000e+00,0.000000e+00,0.000000e+00,0.000000e+00,0.000000e+00,0.000000e+00,0.000000e+00
1.000000e+00,0.000000e+00,0.000000e+00,0.000000e+00,0.000000e+00,0.000000e+00,0.000000e+00,0.000000e+00,0.000000e+00,0.000000e+00,0.000000e+00,0.000000e+00,0.000000e+00,0.000000e+00,0.000000e+00
1.000000e+00,0.000000e+00,0.000000e+00,0.000000e+00,0.000000e+00,0.000000e+00,0.000000e+00,0.000000e+00,0.000000e+00,0.000000e+00,0.000000e+00,0.000000e+00,0.000000e+00,0.000000e+00,0.000000e+00
1.000000e+00,0.000000e+00,0.000000e+00,0.000000e+00,0.000000e+00,0.000000e+00,0.000000e+00,0.000000e+00,0.000000e+00,0.000000e+00,0.000000e+00,0.000000e+00,0.000000e+00,0.000000e+00,0.000000e+00
1.000000e+00,0.000000e+00,0.000000e+00,0.000000e+00,0.000000e+00,0.000000e+00,0.000000e+00,0.000000e+00,0.000000e+00,0.000000e+00,0.000000e+00,0.000000e+00,0.000000e+00,0.000000e+00,0.000000e+00
1.000000e+00,0.000000e+00,0.000000e+00,0.000000e+00,0.000000e+00,0.000000e+00,0.000000e+00,0.000000e+00,0.000000e+00,0.000000e+00,0.000000e+00,0.000000e+00,0.000000e+00,0.000000e+00,0.000000e+00
1.000000e+00,0.000000e+00,0.000000e+00,0.000000e+00,0.000000e+00,0.000000e+00,0.000000e+00,0.000000e+00,0.000000e+00,0.000000e+00,0.000000e+00,0.000000e+00,0.000000e+00,0.000000e+00,0.000000e+00
1.000000e+00,0.000000e+00,0.000000e+00,0.000000e+00,0.000000e+00,0.000000e+00,0.000000e+00,0.000000e+00,0.000000e+00,0.000000e+00,0.000000e+00,0.000000e+00,0.000000e+00,0.000000e+00,0.000000e+00
1.000000e+00,0.000000e+00,0.000000e+00,0.000000e+00,0.000000e+00,0.000000e+00,0.000000e+00,0.000000e+00,0.000000e+00,0.000000e+00,0.000000e+00,0.000000e+00,0.000000e+00,0.000000e+00,0.000000e+00
1.000000e+00,0.000000e+00,0.000000e+00,0.000000e+00,0.000000e+00,0.000000e+00,0.000000e+00,0.000000e+00,0.000000e+00,0.000000e+00,0.000000e+00,0.000000e+00,0.000000e+00,0.000000e+00,0.000000e+00
1.000000e+00,0.000000e+00,0.000000e+00,0.000000e+00,0.000000e+00,0.000000e+00,0.000000e+00,0.000000e+00,0.000000e+00,0.000000e+00,0.000000e+00,0.000000e+00,0.000000e+00,0.000000e+00,0.000000e+00
1.000000e+00,0.000000e+00,0.000000e+00,0.000000e+00,0.000000e+00,0.000000e+00,0.000000e+00,0.000000e+00,0.000000e+00,0.000000e+00,0.000000e+00,0.000000e+00,0.000000e+00,0.000000e+00,0.000000e+00
1.000000e+00,0.000000e+00,0.000000e+00,0.000000e+00,0.000000e+00,0.000000e+00,0.000000e+00,0.000000e+00,0.000000e+00,0.000000e+00,0.000000e+00,0.000000e+00,0.000000e+00,0.000000e+00,0.000000e+00
1.000000e+00,0.000000e+00,0.000000e+00,0.000000e+00,0.000000e+00,0.000000e+00,0.000000e+00,0.000000e+00,0.000000e+00,0.000000e+00,0.000000e+00,0.000000e+00,0.000000e+00,0.000000e+00,0.000000e+00
1.000000e+00,0.000000e+00,0.000000e+00,0.000000e+00,0.000000e+00,0.000000e+00,0.000000e+00,0.000000e+00,0.000000e+00,0.000000e+00,0.000000e+00,0.000000e+00,0.000000e+00,0.000000e+00,0.000000e+00
1.000000e+00,0.000000e+00,0.000000e+00,0.000000e+00,0.000000e+00,0.000000e+00,0.000000e+00,0.000000e+00,0.000000e+00,0.000000e+00,0.000000e+00,0.000000e+00,0.000000e+00,0.000000e+00,0.000000e+00
1.000000e+00,0.000000e+00,0.000000e+00,0.000000e+00,0.000000e+00,0.000000e+00,0.000000e+00,0.000000e+00,0.000000e+00,0.000000e+00,0.000000e+00,0.000000e+00,0.000000e+00,0.000000e+00,0.000000e+00
1.000000e+00,0.000000e+00,0.000000e+00,0.000000e+00,0.000000e+00,0.000000e+00,0.000000e+00,0.000000e+00,0.000000e+00,0.000000e+00,0.000000e+00,0.000000e+00,0.000000e+00,0.000000e+00,0.000000e+00
1.000000e+00,0.000000e+00,0.000000e+00,0.000000e+00,0.000000e+00,0.000000e+00,0.000000e+00,0.000000e+00,0.000000e+00,0.000000e+00,0.000000e+00,0.000000e+00,0.000000e+00,0.000000e+00,0.000000e+00
1.000000e+00,0.000000e+00,0.000000e+00,0.000000e+00,0.000000e+00,0.000000e+00,0.000000e+00,0.000000e+00,0.000000e+00,0.000000e+00,0.000000e+00,0.000000e+00,0.000000e+00,0.000000e+00,0.000000e+00
1.000000e+00,0.000000e+00,0.000000e+00,0.000000e+00,0.000000e+00,0.000000e+00,0.000000e+00,0.000000e+00,0.000000e+00,0.000000e+00,0.000000e+00,0.000000e+00,0.000000e+00,0.000000e+00,0.000000e+00
1.000000e+00,0.000000e+00,0.000000e+00,0.000000e+00,0.000000e+00,0.000000e+00,0.000000e+00,0.000000e+00,0.000000e+00,0.000000e+00,0.000000e+00,0.000000e+00,0.000000e+00,0.000000e+00,0.000000e+00
1.000000e+00,0.000000e+00,0.000000e+00,0.000000e+00,0.000000e+00,0.000000e+00,0.000000e+00,0.000000e+00,0.000000e+00,0.000000e+00,0.000000e+00,0.000000e+00,0.000000e+00,0.000000e+00,0.000000e+00
1.000000e+00,0.000000e+00,0.000000e+00,0.000000e+00,0.000000e+00,0.000000e+00,0.000000e+00,0.000000e+00,0.000000e+00,0.000000e+00,0.000000e+00,0.000000e+00,0.000000e+00,0.000000e+00,0.000000e+00
1.000000e+00,0.000000e+00,0.000000e+00,0.000000e+00,0.000000e+00,0.000000e+00,0.000000e+00,0.000000e+00,0.000000e+00,0.000000e+00,0.000000e+00,0.000000e+00,0.000000e+00,0.000000e+00,0.000000e+00
1.000000e+00,0.000000e+00,0.000000e+00,0.000000e+00,0.000000e+00,0.000000e+00,0.000000e+00,0.000000e+00,0.000000e+00,0.000000e+00,0.000000e+00,0.000000e+00,0.000000e+00,0.000000e+00,0.000000e+00
1.000000e+00,0.000000e+00,0.000000e+00,0.000000e+00,0.000000e+00,0.000000e+00,0.000000e+00,0.000000e+00,0.000000e+00,0.000000e+00,0.000000e+00,0.000000e+00,0.000000e+00,0.000000e+00,0.000000e+00
1.000000e+00,0.000000e+00,0.000000e+00,0.000000e+00,0.000000e+00,0.000000e+00,0.000000e+00,0.000000e+00,0.000000e+00,0.000000e+00,0.000000e+00,0.000000e+00,0.000000e+00,0.000000e+00,0.000000e+00
1.000000e+00,0.000000e+00,0.000000e+00,0.000000e+00,0.000000e+00,0.000000e+00,0.000000e+00,0.000000e+00,0.000000e+00,0.000000e+00,0.000000e+00,0.000000e+00,0.000000e+00,0.000000e+00,0.000000e+00
1.000000e+00,0.000000e+00,0.000000e+00,0.000000e+00,0.000000e+00,0.000000e+00,0.000000e+00,0.000000e+00,0.000000e+00,0.000000e+00,0.000000e+00,0.000000e+00,0.000000e+00,0.000000e+00,0.000000e+00
1.000000e+00,0.000000e+00,0.000000e+00,0.000000e+00,0.000000e+00,0.000000e+00,0.000000e+00,0.000000e+00,0.000000e+00,0.000000e+00,0.000000e+00,0.000000e+00,0.000000e+00,0.000000e+00,0.000000e+00
1.000000e+00,0.000000e+00,0.000000e+00,0.000000e+00,0.000000e+00,0.000000e+00,0.000000e+00,0.000000e+00,0.000000e+00,0.000000e+00,0.000000e+00,0.000000e+00,0.000000e+00,0.000000e+00,0.000000e+00
1.000000e+00,0.000000e+00,0.000000e+00,0.000000e+00,0.000000e+00,0.000000e+00,0.000000e+00,0.000000e+00,0.000000e+00,0.000000e+00,0.000000e+00,0.000000e+00,0.000000e+00,0.000000e+00,0.000000e+00
1.000000e+00,0.000000e+00,0.000000e+00,0.000000e+00,0.000000e+00,0.000000e+00,0.000000e+00,0.000000e+00,0.000000e+00,0.000000e+00,0.000000e+00,0.000000e+00,0.000000e+00,0.000000e+00,0.000000e+00
1.000000e+00,0.000000e+00,0.000000e+00,0.000000e+00,0.000000e+00,0.000000e+00,0.000000e+00,0.000000e+00,0.000000e+00,0.000000e+00,0.000000e+00,0.000000e+00,0.000000e+00,0.000000e+00,0.000000e+00
1.000000e+00,0.000000e+00,0.000000e+00,0.000000e+00,0.000000e+00,0.000000e+00,0.000000e+00,0.000000e+00,0.000000e+00,0.000000e+00,0.000000e+00,0.000000e+00,0.000000e+00,0.000000e+00,0.000000e+00
1.000000e+00,0.000000e+00,0.000000e+00,0.000000e+00,0.000000e+00,0.000000e+00,0.000000e+00,0.000000e+00,0.000000e+00,0.000000e+00,0.000000e+00,0.000000e+00,0.000000e+00,0.000000e+00,0.000000e+00
1.000000e+00,0.000000e+00,0.000000e+00,0.000000e+00,0.000000e+00,0.000000e+00,0.000000e+00,0.000000e+00,0.000000e+00,0.000000e+00,0.000000e+00,0.000000e+00,0.000000e+00,0.000000e+00,0.000000e+00
1.000000e+00,0.000000e+00,0.000000e+00,0.000000e+00,0.000000e+00,0.000000e+00,0.000000e+00,0.000000e+00,0.000000e+00,0.000000e+00,0.000000e+00,0.000000e+00,0.000000e+00,0.000000e+00,0.000000e+00
1.000000e+00,0.000000e+00,0.000000e+00,0.000000e+00,0.000000e+00,0.000000e+00,0.000000e+00,0.000000e+00,0.000000e+00,0.000000e+00,0.000000e+00,0.000000e+00,0.000000e+00,0.000000e+00,0.000000e+00
1.000000e+00,0.000000e+00,0.000000e+00,0.000000e+00,0.000000e+00,0.000000e+00,0.000000e+00,0.000000e+00,0.000000e+00,0.000000e+00,0.000000e+00,0.000000e+00,0.000000e+00,0.000000e+00,0.000000e+00
1.000000e+00,0.000000e+00,0.000000e+00,0.000000e+00,0.000000e+00,0.000000e+00,0.000000e+00,0.000000e+00,0.000000e+00,0.000000e+00,0.000000e+00,0.000000e+00,0.000000e+00,0.000000e+00,0.000000e+00
1.000000e+00,0.000000e+00,0.000000e+00,0.000000e+00,0.000000e+00,0.000000e+00,0.000000e+00,0.000000e+00,0.000000e+00,0.000000e+00,0.000000e+00,0.000000e+00,0.000000e+00,0.000000e+00,0.000000e+00
1.000000e+00,0.000000e+00,0.000000e+00,0.000000e+00,0.000000e+00,0.000000e+00,0.000000e+00,0.000000e+00,0.000000e+00,0.000000e+00,0.000000e+00,0.000000e+00,0.000000e+00,0.000000e+00,0.000000e+00
1.000000e+00,0.000000e+00,0.000000e+00,0.000000e+00,0.000000e+00,0.000000e+00,0.000000e+00,0.000000e+00,0.000000e+00,0.000000e+00,0.000000e+00,0.000000e+00,0.000000e+00,0.000000e+00,0.000000e+00
1.000000e+00,0.000000e+00,0.000000e+00,0.000000e+00,0.000000e+00,0.000000e+00,0.000000e+00,0.000000e+00,0.000000e+00,0.000000e+00,0.000000e+00,0.000000e+00,0.000000e+00,0.000000e+00,0.000000e+00
1.000000e+00,0.000000e+00,0.000000e+00,0.000000e+00,0.000000e+00,0.000000e+00,0.000000e+00,0.000000e+00,0.000000e+00,0.000000e+00,0.000000e+00,0.000000e+00,0.000000e+00,0.000000e+00,0.000000e+00
1.000000e+00,0.000000e+00,0.000000e+00,0.000000e+00,0.000000e+00,0.000000e+00,0.000000e+00,0.000000e+00,0.000000e+00,0.000000e+00,0.000000e+00,0.000000e+00,0.000000e+00,0.000000e+00,0.000000e+00
1.000000e+00,0.000000e+00,0.000000e+00,0.000000e+00,0.000000e+00,0.000000e+00,0.000000e+00,0.000000e+00,0.000000e+00,0.000000e+00,0.000000e+00,0.000000e+00,0.000000e+00,0.000000e+00,0.000000e+00
1.000000e+00,0.000000e+00,0.000000e+00,0.000000e+00,0.000000e+00,0.000000e+00,0.000000e+00,0.000000e+00,0.000000e+00,0.000000e+00,0.000000e+00,0.000000e+00,0.000000e+00,0.000000e+00,0.000000e+00
1.000000e+00,0.000000e+00,0.000000e+00,0.000000e+00,0.000000e+00,0.000000e+00,0.000000e+00,0.000000e+00,0.000000e+00,0.000000e+00,0.000000e+00,0.000000e+00,0.000000e+00,0.000000e+00,0.000000e+00
1.000000e+00,0.000000e+00,0.000000e+00,0.000000e+00,0.000000e+00,0.000000e+00,0.000000e+00,0.000000e+00,0.000000e+00,0.000000e+00,0.000000e+00,0.000000e+00,0.000000e+00,0.000000e+00,0.000000e+00
1.000000e+00,0.000000e+00,0.000000e+00,0.000000e+00,0.000000e+00,0.000000e+00,0.000000e+00,0.000000e+00,0.000000e+00,0.000000e+00,0.000000e+00,0.000000e+00,0.000000e+00,0.000000e+00,0.000000e+00
1.000000e+00,0.000000e+00,0.000000e+00,0.000000e+00,0.000000e+00,0.000000e+00,0.000000e+00,0.000000e+00,0.000000e+00,0.000000e+00,0.000000e+00,0.000000e+00,0.000000e+00,0.000000e+00,0.000000e+00
1.000000e+00,0.000000e+00,0.000000e+00,0.000000e+00,0.000000e+00,0.000000e+00,0.000000e+00,0.000000e+00,0.000000e+00,0.000000e+00,0.000000e+00,0.000000e+00,0.000000e+00,0.000000e+00,0.000000e+00
1.000000e+00,0.000000e+00,0.000000e+00,0.000000e+00,0.000000e+00,0.000000e+00,0.000000e+00,0.000000e+00,0.000000e+00,0.000000e+00,0.000000e+00,0.000000e+00,0.000000e+00,0.000000e+00,0.000000e+00
1.000000e+00,0.000000e+00,0.000000e+00,0.000000e+00,0.000000e+00,0.000000e+00,0.000000e+00,0.000000e+00,0.000000e+00,0.000000e+00,0.000000e+00,0.000000e+00,0.000000e+00,0.000000e+00,0.000000e+00
1.000000e+00,0.000000e+00,0.000000e+00,0.000000e+00,0.000000e+00,0.000000e+00,0.000000e+00,0.000000e+00,0.000000e+00,0.000000e+00,0.000000e+00,0.000000e+00,0.000000e+00,0.000000e+00,0.000000e+00
1.000000e+00,0.000000e+00,0.000000e+00,0.000000e+00,0.000000e+00,0.000000e+00,0.000000e+00,0.000000e+00,0.000000e+00,0.000000e+00,0.000000e+00,0.000000e+00,0.000000e+00,0.000000e+00,0.000000e+00
1.000000e+00,0.000000e+00,0.000000e+00,0.000000e+00,0.000000e+00,0.000000e+00,0.000000e+00,0.000000e+00,0.000000e+00,0.000000e+00,0.000000e+00,0.000000e+00,0.000000e+00,0.000000e+00,0.000000e+00
1.000000e+00,0.000000e+00,0.000000e+00,0.000000e+00,0.000000e+00,0.000000e+00,0.000000e+00,0.000000e+00,0.000000e+00,0.000000e+00,0.000000e+00,0.000000e+00,0.000000e+00,0.000000e+00,0.000000e+00
1.000000e+00,0.000000e+00,0.000000e+00,0.000000e+00,0.000000e+00,0.000000e+00,0.000000e+00,0.000000e+00,0.000000e+00,0.000000e+00,0.000000e+00,0.000000e+00,0.000000e+00,0.000000e+00,0.000000e+00
1.000000e+00,0.000000e+00,0.000000e+00,0.000000e+00,0.000000e+00,0.000000e+00,0.000000e+00,0.000000e+00,0.000000e+00,0.000000e+00,0.000000e+00,0.000000e+00,0.000000e+00,0.000000e+00,0.000000e+00
1.000000e+00,0.000000e+00,0.000000e+00,0.000000e+00,0.000000e+00,0.000000e+00,0.000000e+00,0.000000e+00,0.000000e+00,0.000000e+00,0.000000e+00,0.000000e+00,0.000000e+00,0.000000e+00,0.000000e+00
1.000000e+00,0.000000e+00,0.000000e+00,0.000000e+00,0.000000e+00,0.000000e+00,0.000000e+00,0.000000e+00,0.000000e+00,0.000000e+00,0.000000e+00,0.000000e+00,0.000000e+00,0.000000e+00,0.000000e+00
1.000000e+00,0.000000e+00,0.000000e+00,0.000000e+00,0.000000e+00,0.000000e+00,0.000000e+00,0.000000e+00,0.000000e+00,0.000000e+00,0.000000e+00,0.000000e+00,0.000000e+00,0.000000e+00,0.000000e+00
1.000000e+00,0.000000e+00,0.000000e+00,0.000000e+00,0.000000e+00,0.000000e+00,0.000000e+00,0.000000e+00,0.000000e+00,0.000000e+00,0.000000e+00,0.000000e+00,0.000000e+00,0.000000e+00,0.000000e+00
1.000000e+00,0.000000e+00,0.000000e+00,0.000000e+00,0.000000e+00,0.000000e+00,0.000000e+00,0.000000e+00,0.000000e+00,0.000000e+00,0.000000e+00,0.000000e+00,0.000000e+00,0.000000e+00,0.000000e+00
1.000000e+00,0.000000e+00,0.000000e+00,0.000000e+00,0.000000e+00,0.000000e+00,0.000000e+00,0.000000e+00,0.000000e+00,0.000000e+00,0.000000e+00,0.000000e+00,0.000000e+00,0.000000e+00,0.000000e+00
1.000000e+00,0.000000e+00,0.000000e+00,0.000000e+00,0.000000e+00,0.000000e+00,0.000000e+00,0.000000e+00,0.000000e+00,0.000000e+00,0.000000e+00,0.000000e+00,0.000000e+00,0.000000e+00,0.000000e+00
1.000000e+00,0.000000e+00,0.000000e+00,0.000000e+00,0.000000e+00,0.000000e+00,0.000000e+00,0.000000e+00,0.000000e+00,0.000000e+00,0.000000e+00,0.000000e+00,0.000000e+00,0.000000e+00,0.000000e+00
1.000000e+00,0.000000e+00,0.000000e+00,0.000000e+00,0.000000e+00,0.000000e+00,0.000000e+00,0.000000e+00,0.000000e+00,0.000000e+00,0.000000e+00,0.000000e+00,0.000000e+00,0.000000e+00,0.000000e+00
1.000000e+00,0.000000e+00,0.000000e+00,0.000000e+00,0.000000e+00,0.000000e+00,0.000000e+00,0.000000e+00,0.000000e+00,0.000000e+00,0.000000e+00,0.000000e+00,0.000000e+00,0.000000e+00,0.000000e+00
1.000000e+00,0.000000e+00,0.000000e+00,0.000000e+00,0.000000e+00,0.000000e+00,0.000000e+00,0.000000e+00,0.000000e+00,0.000000e+00,0.000000e+00,0.000000e+00,0.000000e+00,0.000000e+00,0.000000e+00
1.000000e+00,0.000000e+00,0.000000e+00,0.000000e+00,0.000000e+00,0.000000e+00,0.000000e+00,0.000000e+00,0.000000e+00,0.000000e+00,0.000000e+00,0.000000e+00,0.000000e+00,0.000000e+00,0.000000e+00
1.000000e+00,0.000000e+00,0.000000e+00,0.000000e+00,0.000000e+00,0.000000e+00,0.000000e+00,0.000000e+00,0.000000e+00,0.000000e+00,0.000000e+00,0.000000e+00,0.000000e+00,0.000000e+00,0.000000e+00
1.000000e+00,0.000000e+00,0.000000e+00,0.000000e+00,0.000000e+00,0.000000e+00,0.000000e+00,0.000000e+00,0.000000e+00,0.000000e+00,0.000000e+00,0.000000e+00,0.000000e+00,0.000000e+00,0.000000e+00
1.000000e+00,0.000000e+00,0.000000e+00,0.000000e+00,0.000000e+00,0.000000e+00,0.000000e+00,0.000000e+00,0.000000e+00,0.000000e+00,0.000000e+00,0.000000e+00,0.000000e+00,0.000000e+00,0.000000e+00
1.000000e+00,0.000000e+00,0.000000e+00,0.000000e+00,0.000000e+00,0.000000e+00,0.000000e+00,0.000000e+00,0.000000e+00,0.000000e+00,0.000000e+00,0.000000e+00,0.000000e+00,0.000000e+00,0.000000e+00
1.000000e+00,0.000000e+00,0.000000e+00,0.000000e+00,0.000000e+00,0.000000e+00,0.000000e+00,0.000000e+00,0.000000e+00,0.000000e+00,0.000000e+00,0.000000e+00,0.000000e+00,0.000000e+00,0.000000e+00
1.000000e+00,0.000000e+00,0.000000e+00,0.000000e+00,0.000000e+00,0.000000e+00,0.000000e+00,0.000000e+00,0.000000e+00,0.000000e+00,0.000000e+00,0.000000e+00,0.000000e+00,0.000000e+00,0.000000e+00
1.000000e+00,0.000000e+00,0.000000e+00,0.000000e+00,0.000000e+00,0.000000e+00,0.000000e+00,0.000000e+00,0.000000e+00,0.000000e+00,0.000000e+00,0.000000e+00,0.000000e+00,0.000000e+00,0.000000e+00
1.000000e+00,0.000000e+00,0.000000e+00,0.000000e+00,0.000000e+00,0.000000e+00,0.000000e+00,0.000000e+00,0.000000e+00,0.000000e+00,0.000000e+00,0.000000e+00,0.000000e+00,0.000000e+00,0.000000e+00
1.000000e+00,0.000000e+00,0.000000e+00,0.000000e+00,0.000000e+00,0.000000e+00,0.000000e+00,0.000000e+00,0.000000e+00,0.000000e+00,0.000000e+00,0.000000e+00,0.000000e+00,0.000000e+00,0.000000e+00
1.000000e+00,0.000000e+00,0.000000e+00,0.000000e+00,0.000000e+00,0.000000e+00,0.000000e+00,0.000000e+00,0.000000e+00,0.000000e+00,0.000000e+00,0.000000e+00,0.000000e+00,0.000000e+00,0.000000e+00
1.000000e+00,0.000000e+00,0.000000e+00,0.000000e+00,0.000000e+00,0.000000e+00,0.000000e+00,0.000000e+00,0.000000e+00,0.000000e+00,0.000000e+00,0.000000e+00,0.000000e+00,0.000000e+00,0.000000e+00
1.000000e+00,0.000000e+00,0.000000e+00,0.000000e+00,0.000000e+00,0.000000e+00,0.000000e+00,0.000000e+00,0.000000e+00,0.000000e+00,0.000000e+00,0.000000e+00,0.000000e+00,0.000000e+00,0.000000e+00
1.000000e+00,0.000000e+00,0.000000e+00,0.000000e+00,0.000000e+00,0.000000e+00,0.000000e+00,0.000000e+00,0.000000e+00,0.000000e+00,0.000000e+00,0.000000e+00,0.000000e+00,0.000000e+00,0.000000e+00
1.000000e+00,0.000000e+00,0.000000e+00,0.000000e+00,0.000000e+00,0.000000e+00,0.000000e+00,0.000000e+00,0.000000e+00,0.000000e+00,0.000000e+00,0.000000e+00,0.000000e+00,0.000000e+00,0.000000e+00
1.000000e+00,0.000000e+00,0.000000e+00,0.000000e+00,0.000000e+00,0.000000e+00,0.000000e+00,0.000000e+00,0.000000e+00,0.000000e+00,0.000000e+00,0.000000e+00,0.000000e+00,0.000000e+00,0.000000e+00
1.000000e+00,0.000000e+00,0.000000e+00,0.000000e+00,0.000000e+00,0.000000e+00,0.000000e+00,0.000000e+00,0.000000e+00,0.000000e+00,0.000000e+00,0.000000e+00,0.000000e+00,0.000000e+00,0.000000e+00
1.000000e+00,0.000000e+00,0.000000e+00,0.000000e+00,0.000000e+00,0.000000e+00,0.000000e+00,0.000000e+00,0.000000e+00,0.000000e+00,0.000000e+00,0.000000e+00,0.000000e+00,0.000000e+00,0.000000e+00
1.000000e+00,0.000000e+00,0.000000e+00,0.000000e+00,0.000000e+00,0.000000e+00,0.000000e+00,0.000000e+00,0.000000e+00,0.000000e+00,0.000000e+00,0.000000e+00,0.000000e+00,0.000000e+00,0.000000e+00
1.000000e+00,0.000000e+00,0.000000e+00,0.000000e+00,0.000000e+00,0.000000e+00,0.000000e+00,0.000000e+00,0.000000e+00,0.000000e+00,0.000000e+00,0.000000e+00,0.000000e+00,0.000000e+00,0.000000e+00
1.000000e+00,0.000000e+00,0.000000e+00,0.000000e+00,0.000000e+00,0.000000e+00,0.000000e+00,0.000000e+00,0.000000e+00,0.000000e+00,0.000000e+00,0.000000e+00,0.000000e+00,0.000000e+00,0.000000e+00
1.000000e+00,0.000000e+00,0.000000e+00,0.000000e+00,0.000000e+00,0.000000e+00,0.000000e+00,0.000000e+00,0.000000e+00,0.000000e+00,0.000000e+00,0.000000e+00,0.000000e+00,0.000000e+00,0.000000e+00
1.000000e+00,0.000000e+00,0.000000e+00,0.000000e+00,0.000000e+00,0.000000e+00,0.000000e+00,0.000000e+00,0.000000e+00,0.000000e+00,0.000000e+00,0.000000e+00,0.000000e+00,0.000000e+00,0.000000e+00
1.000000e+00,0.000000e+00,0.000000e+00,0.000000e+00,0.000000e+00,0.000000e+00,0.000000e+00,0.000000e+00,0.000000e+00,0.000000e+00,0.000000e+00,0.000000e+00,0.000000e+00,0.000000e+00,0.000000e+00
1.000000e+00,0.000000e+00,0.000000e+00,0.000000e+00,0.000000e+00,0.000000e+00,0.000000e+00,0.000000e+00,0.000000e+00,0.000000e+00,0.000000e+00,0.000000e+00,0.000000e+00,0.000000e+00,0.000000e+00
1.000000e+00,0.000000e+00,0.000000e+00,0.000000e+00,0.000000e+00,0.000000e+00,0.000000e+00,0.000000e+00,0.000000e+00,0.000000e+00,0.000000e+00,0.000000e+00,0.000000e+00,0.000000e+00,0.000000e+00
1.000000e+00,0.000000e+00,0.000000e+00,0.000000e+00,0.000000e+00,0.000000e+00,0.000000e+00,0.000000e+00,0.000000e+00,0.000000e+00,0.000000e+00,0.000000e+00,0.000000e+00,0.000000e+00,0.000000e+00
1.000000e+00,0.000000e+00,0.000000e+00,0.000000e+00,0.000000e+00,0.000000e+00,0.000000e+00,0.000000e+00,0.000000e+00,0.000000e+00,0.000000e+00,0.000000e+00,0.000000e+00,0.000000e+00,0.000000e+00
1.000000e+00,0.000000e+00,0.000000e+00,0.000000e+00,0.000000e+00,0.000000e+00,0.000000e+00,0.000000e+00,0.000000e+00,0.000000e+00,0.000000e+00,0.000000e+00,0.000000e+00,0.000000e+00,0.000000e+00
1.000000e+00,0.000000e+00,0.000000e+00,0.000000e+00,0.000000e+00,0.000000e+00,0.000000e+00,0.000000e+00,0.000000e+00,0.000000e+00,0.000000e+00,0.000000e+00,0.000000e+00,0.000000e+00,0.000000e+00
1.000000e+00,0.000000e+00,0.000000e+00,0.000000e+00,0.000000e+00,0.000000e+00,0.000000e+00,0.000000e+00,0.000000e+00,0.000000e+00,0.000000e+00,0.000000e+00,0.000000e+00,0.000000e+00,0.000000e+00
1.000000e+00,0.000000e+00,0.000000e+00,0.000000e+00,0.000000e+00,0.000000e+00,0.000000e+00,0.000000e+00,0.000000e+00,0.000000e+00,0.000000e+00,0.000000e+00,0.000000e+00,0.000000e+00,0.000000e+00
1.000000e+00,0.000000e+00,0.000000e+00,0.000000e+00,0.000000e+00,0.000000e+00,0.000000e+00,0.000000e+00,0.000000e+00,0.000000e+00,0.000000e+00,0.000000e+00,0.000000e+00,0.000000e+00,0.000000e+00
1.000000e+00,0.000000e+00,0.000000e+00,0.000000e+00,0.000000e+00,0.000000e+00,0.000000e+00,0.000000e+00,0.000000e+00,0.000000e+00,0.000000e+00,0.000000e+00,0.000000e+00,0.000000e+00,0.000000e+00
1.000000e+00,0.000000e+00,0.000000e+00,0.000000e+00,0.000000e+00,0.000000e+00,0.000000e+00,0.000000e+00,0.000000e+00,0.000000e+00,0.000000e+00,0.000000e+00,0.000000e+00,0.000000e+00,0.000000e+00
1.000000e+00,0.000000e+00,0.000000e+00,0.000000e+00,0.000000e+00,0.000000e+00,0.000000e+00,0.000000e+00,0.000000e+00,0.000000e+00,0.000000e+00,0.000000e+00,0.000000e+00,0.000000e+00,0.000000e+00
1.000000e+00,0.000000e+00,0.000000e+00,0.000000e+00,0.000000e+00,0.000000e+00,0.000000e+00,0.000000e+00,0.000000e+00,0.000000e+00,0.000000e+00,0.000000e+00,0.000000e+00,0.000000e+00,0.000000e+00
1.000000e+00,0.000000e+00,0.000000e+00,0.000000e+00,0.000000e+00,0.000000e+00,0.000000e+00,0.000000e+00,0.000000e+00,0.000000e+00,0.000000e+00,0.000000e+00,0.000000e+00,0.000000e+00,0.000000e+00
1.000000e+00,0.000000e+00,0.000000e+00,0.000000e+00,0.000000e+00,0.000000e+00,0.000000e+00,0.000000e+00,0.000000e+00,0.000000e+00,0.000000e+00,0.000000e+00,0.000000e+00,0.000000e+00,0.000000e+00
1.000000e+00,0.000000e+00,0.000000e+00,0.000000e+00,0.000000e+00,0.000000e+00,0.000000e+00,0.000000e+00,0.000000e+00,0.000000e+00,0.000000e+00,0.000000e+00,0.000000e+00,0.000000e+00,0.000000e+00
1.000000e+00,0.000000e+00,0.000000e+00,0.000000e+00,0.000000e+00,0.000000e+00,0.000000e+00,0.000000e+00,0.000000e+00,0.000000e+00,0.000000e+00,0.000000e+00,0.000000e+00,0.000000e+00,0.000000e+00
1.000000e+00,0.000000e+00,0.000000e+00,0.000000e+00,0.000000e+00,0.000000e+00,0.000000e+00,0.000000e+00,0.000000e+00,0.000000e+00,0.000000e+00,0.000000e+00,0.000000e+00,0.000000e+00,0.000000e+00
1.000000e+00,0.000000e+00,0.000000e+00,0.000000e+00,0.000000e+00,0.000000e+00,0.000000e+00,0.000000e+00,0.000000e+00,0.000000e+00,0.000000e+00,0.000000e+00,0.000000e+00,0.000000e+00,0.000000e+00
1.000000e+00,0.000000e+00,0.000000e+00,0.000000e+00,0.000000e+00,0.000000e+00,0.000000e+00,0.000000e+00,0.000000e+00,0.000000e+00,0.000000e+00,0.000000e+00,0.000000e+00,0.000000e+00,0.000000e+00
1.000000e+00,0.000000e+00,0.000000e+00,0.000000e+00,0.000000e+00,0.000000e+00,0.000000e+00,0.000000e+00,0.000000e+00,0.000000e+00,0.000000e+00,0.000000e+00,0.000000e+00,0.000000e+00,0.000000e+00
1.000000e+00,0.000000e+00,0.000000e+00,0.000000e+00,0.000000e+00,0.000000e+00,0.000000e+00,0.000000e+00,0.000000e+00,0.000000e+00,0.000000e+00,0.000000e+00,0.000000e+00,0.000000e+00,0.000000e+00
1.000000e+00,0.000000e+00,0.000000e+00,0.000000e+00,0.000000e+00,0.000000e+00,0.000000e+00,0.000000e+00,0.000000e+00,0.000000e+00,0.000000e+00,0.000000e+00,0.000000e+00,0.000000e+00,0.000000e+00
1.000000e+00,0.000000e+00,0.000000e+00,0.000000e+00,0.000000e+00,0.000000e+00,0.000000e+00,0.000000e+00,0.000000e+00,0.000000e+00,0.000000e+00,0.000000e+00,0.000000e+00,0.000000e+00,0.000000e+00
1.000000e+00,0.000000e+00,0.000000e+00,0.000000e+00,0.000000e+00,0.000000e+00,0.000000e+00,0.000000e+00,0.000000e+00,0.000000e+00,0.000000e+00,0.000000e+00,0.000000e+00,0.000000e+00,0.000000e+00
1.000000e+00,0.000000e+00,0.000000e+00,0.000000e+00,0.000000e+00,0.000000e+00,0.000000e+00,0.000000e+00,0.000000e+00,0.000000e+00,0.000000e+00,0.000000e+00,0.000000e+00,0.000000e+00,0.000000e+00
1.000000e+00,0.000000e+00,0.000000e+00,0.000000e+00,0.000000e+00,0.000000e+00,0.000000e+00,0.000000e+00,0.000000e+00,0.000000e+00,0.000000e+00,0.000000e+00,0.000000e+00,0.000000e+00,0.000000e+00
1.000000e+00,0.000000e+00,0.000000e+00,0.000000e+00,0.000000e+00,0.000000e+00,0.000000e+00,0.000000e+00,0.000000e+00,0.000000e+00,0.000000e+00,0.000000e+00,0.000000e+00,0.000000e+00,0.000000e+00
1.000000e+00,0.000000e+00,0.000000e+00,0.000000e+00,0.000000e+00,0.000000e+00,0.000000e+00,0.000000e+00,0.000000e+00,0.000000e+00,0.000000e+00,0.000000e+00,0.000000e+00,0.000000e+00,0.000000e+00
1.000000e+00,0.000000e+00,0.000000e+00,0.000000e+00,0.000000e+00,0.000000e+00,0.000000e+00,0.000000e+00,0.000000e+00,0.000000e+00,0.000000e+00,0.000000e+00,0.000000e+00,0.000000e+00,0.000000e+00
1.000000e+00,0.000000e+00,0.000000e+00,0.000000e+00,0.000000e+00,0.000000e+00,0.000000e+00,0.000000e+00,0.000000e+00,0.000000e+00,0.000000e+00,0.000000e+00,0.000000e+00,0.000000e+00,0.000000e+00
1.000000e+00,0.000000e+00,0.000000e+00,0.000000e+00,0.000000e+00,0.000000e+00,0.000000e+00,0.000000e+00,0.000000e+00,0.000000e+00,0.000000e+00,0.000000e+00,0.000000e+00,0.000000e+00,0.000000e+00
1.000000e+00,0.000000e+00,0.000000e+00,0.000000e+00,0.000000e+00,0.000000e+00,0.000000e+00,0.000000e+00,0.000000e+00,0.000000e+00,0.000000e+00,0.000000e+00,0.000000e+00,0.000000e+00,0.000000e+00
1.000000e+00,0.000000e+00,0.000000e+00,0.000000e+00,0.000000e+00,0.000000e+00,0.000000e+00,0.000000e+00,0.000000e+00,0.000000e+00,0.000000e+00,0.000000e+00,0.000000e+00,0.000000e+00,0.000000e+00
1.000000e+00,0.000000e+00,0.000000e+00,0.000000e+00,0.000000e+00,0.000000e+00,0.000000e+00,0.000000e+00,0.000000e+00,0.000000e+00,0.000000e+00,0.000000e+00,0.000000e+00,0.000000e+00,0.000000e+00
1.000000e+00,0.000000e+00,0.000000e+00,0.000000e+00,0.000000e+00,0.000000e+00,0.000000e+00,0.000000e+00,0.000000e+00,0.000000e+00,0.000000e+00,0.000000e+00,0.000000e+00,0.000000e+00,0.000000e+00
1.000000e+00,0.000000e+00,0.000000e+00,0.000000e+00,0.000000e+00,0.000000e+00,0.000000e+00,0.000000e+00,0.000000e+00,0.000000e+00,0.000000e+00,0.000000e+00,0.000000e+00,0.000000e+00,0.000000e+00
1.000000e+00,0.000000e+00,0.000000e+00,0.000000e+00,0.000000e+00,0.000000e+00,0.000000e+00,0.000000e+00,0.000000e+00,0.000000e+00,0.000000e+00,0.000000e+00,0.000000e+00,0.000000e+00,0.000000e+00
1.000000e+00,0.000000e+00,0.000000e+00,0.000000e+00,0.000000e+00,0.000000e+00,0.000000e+00,0.000000e+00,0.000000e+00,0.000000e+00,0.000000e+00,0.000000e+00,0.000000e+00,0.000000e+00,0.000000e+00
1.000000e+00,0.000000e+00,0.000000e+00,0.000000e+00,0.000000e+00,0.000000e+00,0.000000e+00,0.000000e+00,0.000000e+00,0.000000e+00,0.000000e+00,0.000000e+00,0.000000e+00,0.000000e+00,0.000000e+00
1.000000e+00,0.000000e+00,0.000000e+00,0.000000e+00,0.000000e+00,0.000000e+00,0.000000e+00,0.000000e+00,0.000000e+00,0.000000e+00,0.000000e+00,0.000000e+00,0.000000e+00,0.000000e+00,0.000000e+00
1.000000e+00,0.000000e+00,0.000000e+00,0.000000e+00,0.000000e+00,0.000000e+00,0.000000e+00,0.000000e+00,0.000000e+00,0.000000e+00,0.000000e+00,0.000000e+00,0.000000e+00,0.000000e+00,0.000000e+00
1.000000e+00,0.000000e+00,0.000000e+00,0.000000e+00,0.000000e+00,0.000000e+00,0.000000e+00,0.000000e+00,0.000000e+00,0.000000e+00,0.000000e+00,0.000000e+00,0.000000e+00,0.000000e+00,0.000000e+00
1.000000e+00,0.000000e+00,0.000000e+00,0.000000e+00,0.000000e+00,0.000000e+00,0.000000e+00,0.000000e+00,0.000000e+00,0.000000e+00,0.000000e+00,0.000000e+00,0.000000e+00,0.000000e+00,0.000000e+00
1.000000e+00,0.000000e+00,0.000000e+00,0.000000e+00,0.000000e+00,0.000000e+00,0.000000e+00,0.000000e+00,0.000000e+00,0.000000e+00,0.000000e+00,0.000000e+00,0.000000e+00,0.000000e+00,0.000000e+00
1.000000e+00,0.000000e+00,0.000000e+00,0.000000e+00,0.000000e+00,0.000000e+00,0.000000e+00,0.000000e+00,0.000000e+00,0.000000e+00,0.000000e+00,0.000000e+00,0.000000e+00,0.000000e+00,0.000000e+00
4.976122e-01,3.641170e-02,4.588812e-03,2.504628e-02,5.429641e-03,3.395803e-02,2.932816e-03,4.580669e-03,1.098794e-01,9.259620e-02,3.274699e-02,6.972629e-02,2.901181e-02,1.672606e-02,3.875299e-02
4.193057e-01,3.748975e-02,4.024531e-03,3.073762e-02,7.629124e-03,7.386769e-02,6.300372e-03,6.500230e-03,1.413982e-01,9.581456e-02,2.968423e-02,6.270145e-02,3.722974e-02,1.405386e-02,3.326293e-02
3.089912e-01,2.752205e-02,3.327919e-03,2.379479e-02,6.879210e-03,5.367716e-02,8.337694e-03,6.675583e-02,1.221365e-01,1.187037e-01,3.682242e-02,5.032501e-02,9.050089e-02,1.141775e-02,7.080784e-02
2.366740e-01,2.020099e-02,3.256999e-03,1.836775e-02,5.701365e-03,3.844750e-02,7.141119e-03,1.855870e-01,9.198315e-02,1.124488e-01,3.722179e-02,3.830632e-02,1.217804e-01,1.129516e-02,7.158759e-02
1.797432e-01,1.497880e-02,2.992140e-03,1.429523e-02,6.878951e-03,2.874013e-02,5.679468e-03,3.809630e-01,6.836019e-02,8.028251e-02,3.085460e-02,3.257002e-02,9.380884e-02,8.090463e-03,5.176255e-02
1.506388e-01,1.082566e-02,2.693346e-03,1.158981e-02,8.232433e-03,2.354091e-02,4.360948e-03,5.219216e-01,4.933102e-02,5.656059e-02,2.288271e-02,2.679375e-02,6.830594e-02,5.764472e-03,3.655798e-02
1.333305e-01,7.745592e-03,2.397343e-03,9.109892e-03,8.299803e-03,2.368637e-02,3.807617e-03,6.198252e-01,3.512274e-02,3.982684e-02,1.714897e-02,1.994714e-02,4.968665e-02,4.281524e-03,2.578380e-02
1.273342e-01,5.621700e-03,2.994979e-03,7.790569e-03,7.297873e-03,3.547140e-02,3.727562e-03,6.652169e-01,2.499459e-02,2.806866e-02,1.366294e-02,1.563699e-02,3.966957e-02,4.204357e-03,1.830765e-02
2.086689e-01,4.591909e-03,3.283174e-03,7.574414e-03,6.245959e-03,6.527223e-02,3.662947e-03,5.753453e-01,1.826326e-02,1.982067e-02,1.472562e-02,1.786961e-02,3.602012e-02,5.099544e-03,1.355635e-02
2.770813e-01,4.648216e-03,4.891249e-03,8.117725e-03,1.152287e-02,5.381384e-02,3.342943e-03,5.119905e-01,1.467682e-02,1.395245e-02,2.467428e-02,1.980307e-02,3.443883e-02,6.118061e-03,1.092774e-02
2.617511e-01,4.245860e-03,3.724291e-03,7.211777e-03,8.954801e-03,4.309805e-02,2.542062e-03,4.204040e-01,1.147263e-02,9.987095e-03,6.489082e-02,1.047634e-01,3.938170e-02,9.312411e-03,8.260089e-03
2.440639e-01,4.031933e-03,2.944694e-03,7.826197e-03,7.133116e-03,3.386138e-02,2.281800e-03,3.334391e-01,9.078985e-03,7.845180e-03,9.528768e-02,1.881628e-01,3.855824e-02,1.885470e-02,6.630353e-03
2.791599e-01,3.682072e-03,2.254784e-03,8.377510e-03,6.594010e-03,2.949501e-02,2.216981e-03,2.440578e-01,8.002609e-03,6.951568e-03,1.138441e-01,2.192400e-01,3.865477e-02,3.200244e-02,5.466410e-03
3.136388e-01,3.542695e-03,2.025306e-03,9.202739e-03,7.074186e-03,2.745621e-02,2.014531e-03,1.811684e-01,8.191613e-03,6.850692e-03,1.453717e-01,2.011478e-01,3.231644e-02,5.441248e-02,5.586434e-03
3.225590e-01,1.353838e-02,3.116059e-03,9.124547e-03,5.632007e-03,2.204588e-02,1.726753e-03,1.305264e-01,2.239964e-02,6.291752e-03,1.934184e-01,1.685435e-01,2.821371e-02,6.717786e-02,5.686102e-03
2.686254e-01,8.139796e-02,5.189332e-03,8.420330e-03,5.520580e-03,2.230728e-02,1.433956e-03,9.702364e-02,7.728594e-02,5.963209e-03,1.743961e-01,1.361232e-01,2.293308e-02,8.702229e-02,6.357729e-03
2.403303e-01,1.125570e-01,4.522707e-03,7.068280e-03,4.921237e-03,2.413921e-02,1.125355e-03,7.271560e-02,9.202951e-02,5.910523e-03,2.017654e-01,1.060081e-01,1.746434e-02,1.032257e-01,6.216716e-03
2.667329e-01,1.086564e-01,5.742242e-03,8.561694e-03,4.578945e-03,2.203362e-02,9.446231e-04,5.325578e-02,1.468971e-01,6.925669e-03,1.727941e-01,7.983807e-02,1.413081e-02,1.022859e-01,6.622211e-03
3.290932e-01,1.025543e-01,5.984006e-03,9.790752e-03,4.529111e-03,1.820707e-02,8.267155e-04,4.162398e-02,1.626905e-01,6.849311e-03,1.382691e-01,6.109325e-02,1.181544e-02,9.915380e-02,7.519475e-03
4.221723e-01,9.739088e-02,6.189624e-03,1.153155e-02,5.649176e-03,1.488594e-02,8.456878e-04,3.122932e-02,1.412807e-01,6.330055e-03,1.136877e-01,4.762363e-02,1.031164e-02,8.309492e-02,7.776933e-03
4.845003e-01,9.563018e-02,8.276029e-03,1.578522e-02,6.671236e-03,1.267193e-02,8.097457e-04,2.424939e-02,1.225276e-01,6.007849e-03,1.000500e-01,3.931268e-02,9.549268e-03,6.451746e-02,9.441234e-03
1.000000e+00,0.000000e+00,0.000000e+00,0.000000e+00,0.000000e+00,0.000000e+00,0.000000e+00,0.000000e+00,0.000000e+00,0.000000e+00,0.000000e+00,0.000000e+00,0.000000e+00,0.000000e+00,0.000000e+00
4.858093e-01,9.625512e-02,1.428731e-02,1.857003e-02,3.594051e-02,2.704854e-02,2.240546e-03,1.593068e-02,1.420085e-01,1.062696e-02,6.948965e-02,2.516103e-02,8.417338e-03,3.718670e-02,1.102774e-02
4.813961e-01,9.004109e-02,1.347723e-02,1.846004e-02,6.499337e-02,3.712957e-02,3.169158e-03,1.322478e-02,1.445817e-01,1.396744e-02,5.410358e-02,1.961058e-02,7.868275e-03,2.728214e-02,1.069496e-02
4.560519e-01,9.786983e-02,1.582362e-02,1.668686e-02,7.869543e-02,4.041147e-02,6.073559e-03,1.112865e-02,1.554120e-01,1.999684e-02,4.440198e-02,1.613269e-02,7.594426e-03,2.195749e-02,1.176337e-02
4.550231e-01,1.299157e-01,1.507648e-02,1.535485e-02,7.220770e-02,3.572036e-02,5.593748e-03,9.869548e-03,1.542296e-01,1.864355e-02,3.549032e-02,1.602677e-02,7.269444e-03,1.917150e-02,1.040735e-02
4.335800e-01,1.302384e-01,1.363492e-02,1.461946e-02,6.887387e-02,3.386296e-02,5.797217e-03,9.048008e-03,1.892442e-01,1.737353e-02,3.196146e-02,1.883400e-02,7.317642e-03,1.638838e-02,9.226031e-03
3.914406e-01,1.328813e-01,1.344322e-02,1.339785e-02,6.869179e-02,3.798769e-02,6.257710e-03,8.527976e-03,2.165010e-01,2.240562e-02,3.562535e-02,2.017148e-02,7.357983e-03,1.711558e-02,8.194839e-03
3.787823e-01,1.063773e-01,2.023477e-02,1.566444e-02,8.684037e-02,3.682115e-02,1.682958e-02,2.013373e-02,2.033754e-01,2.753853e-02,3.536709e-02,1.895762e-02,8.188418e-03,1.754608e-02,7.343234e-03
4.098333e-01,8.487681e-02,2.147161e-02,1.526124e-02,8.147319e-02,3.355475e-02,1.324857e-02,1.643920e-02,1.538404e-01,6.237430e-02,4.282003e-02,2.008394e-02,1.438077e-02,1.528467e-02,1.505719e-02
4.473652e-01,6.806590e-02,2.055273e-02,1.677298e-02,6.952206e-02,3.158529e-02,1.006699e-02,1.289261e-02,1.162500e-01,9.039742e-02,4.289126e-02,2.131761e-02,1.977900e-02,1.258272e-02,1.995829e-02
4.596616e-01,5.580350e-02,1.874169e-02,1.878075e-02,6.238639e-02,2.576305e-02,7.917522e-03,1.071282e-02,9.605441e-02,1.092726e-01,5.076448e-02,2.503240e-02,2.215322e-02,1.123358e-02,2.572205e-02
1.000000e+00,0.000000e+00,0.000000e+00,0.000000e+00,0.000000e+00,0.000000e+00,0.000000e+00,0.000000e+00,0.000000e+00,0.000000e+00,0.000000e+00,0.000000e+00,0.000000e+00,0.000000e+00,0.000000e+00
1.000000e+00,0.000000e+00,0.000000e+00,0.000000e+00,0.000000e+00,0.000000e+00,0.000000e+00,0.000000e+00,0.000000e+00,0.000000e+00,0.000000e+00,0.000000e+00,0.000000e+00,0.000000e+00,0.000000e+00
1.000000e+00,0.000000e+00,0.000000e+00,0.000000e+00,0.000000e+00,0.000000e+00,0.000000e+00,0.000000e+00,0.000000e+00,0.000000e+00,0.000000e+00,0.000000e+00,0.000000e+00,0.000000e+00,0.000000e+00
1.000000e+00,0.000000e+00,0.000000e+00,0.000000e+00,0.000000e+00,0.000000e+00,0.000000e+00,0.000000e+00,0.000000e+00,0.000000e+00,0.000000e+00,0.000000e+00,0.000000e+00,0.000000e+00,0.000000e+00
1.000000e+00,0.000000e+00,0.000000e+00,0.000000e+00,0.000000e+00,0.000000e+00,0.000000e+00,0.000000e+00,0.000000e+00,0.000000e+00,0.000000e+00,0.000000e+00,0.000000e+00,0.000000e+00,0.000000e+00
1.000000e+00,0.000000e+00,0.000000e+00,0.000000e+00,0.000000e+00,0.000000e+00,0.000000e+00,0.000000e+00,0.000000e+00,0.000000e+00,0.000000e+00,0.000000e+00,0.000000e+00,0.000000e+00,0.000000e+00
1.000000e+00,0.000000e+00,0.000000e+00,0.000000e+00,0.000000e+00,0.000000e+00,0.000000e+00,0.000000e+00,0.000000e+00,0.000000e+00,0.000000e+00,0.000000e+00,0.000000e+00,0.000000e+00,0.000000e+00
1.000000e+00,0.000000e+00,0.000000e+00,0.000000e+00,0.000000e+00,0.000000e+00,0.000000e+00,0.000000e+00,0.000000e+00,0.000000e+00,0.000000e+00,0.000000e+00,0.000000e+00,0.000000e+00,0.000000e+00
1.000000e+00,0.000000e+00,0.000000e+00,0.000000e+00,0.000000e+00,0.000000e+00,0.000000e+00,0.000000e+00,0.000000e+00,0.000000e+00,0.000000e+00,0.000000e+00,0.000000e+00,0.000000e+00,0.000000e+00
1.000000e+00,0.000000e+00,0.000000e+00,0.000000e+00,0.000000e+00,0.000000e+00,0.000000e+00,0.000000e+00,0.000000e+00,0.000000e+00,0.000000e+00,0.000000e+00,0.000000e+00,0.000000e+00,0.000000e+00
1.000000e+00,0.000000e+00,0.000000e+00,0.000000e+00,0.000000e+00,0.000000e+00,0.000000e+00,0.000000e+00,0.000000e+00,0.000000e+00,0.000000e+00,0.000000e+00,0.000000e+00,0.000000e+00,0.000000e+00
1.000000e+00,0.000000e+00,0.000000e+00,0.000000e+00,0.000000e+00,0.000000e+00,0.000000e+00,0.000000e+00,0.000000e+00,0.000000e+00,0.000000e+00,0.000000e+00,0.000000e+00,0.000000e+00,0.000000e+00
1.000000e+00,0.000000e+00,0.000000e+00,0.000000e+00,0.000000e+00,0.000000e+00,0.000000e+00,0.000000e+00,0.000000e+00,0.000000e+00,0.000000e+00,0.000000e+00,0.000000e+00,0.000000e+00,0.000000e+00
1.000000e+00,0.000000e+00,0.000000e+00,0.000000e+00,0.000000e+00,0.000000e+00,0.000000e+00,0.000000e+00,0.000000e+00,0.000000e+00,0.000000e+00,0.000000e+00,0.000000e+00,0.000000e+00,0.000000e+00
1.000000e+00,0.000000e+00,0.000000e+00,0.000000e+00,0.000000e+00,0.000000e+00,0.000000e+00,0.000000e+00,0.000000e+00,0.000000e+00,0.000000e+00,0.000000e+00,0.000000e+00,0.000000e+00,0.000000e+00
1.000000e+00,0.000000e+00,0.000000e+00,0.000000e+00,0.000000e+00,0.000000e+00,0.000000e+00,0.000000e+00,0.000000e+00,0.000000e+00,0.000000e+00,0.000000e+00,0.000000e+00,0.000000e+00,0.000000e+00
1.000000e+00,0.000000e+00,0.000000e+00,0.000000e+00,0.000000e+00,0.000000e+00,0.000000e+00,0.000000e+00,0.000000e+00,0.000000e+00,0.000000e+00,0.000000e+00,0.000000e+00,0.000000e+00,0.000000e+00
1.000000e+00,0.000000e+00,0.000000e+00,0.000000e+00,0.000000e+00,0.000000e+00,0.000000e+00,0.000000e+00,0.000000e+00,0.000000e+00,0.000000e+00,0.000000e+00,0.000000e+00,0.000000e+00,0.000000e+00
1.000000e+00,0.000000e+00,0.000000e+00,0.000000e+00,0.000000e+00,0.000000e+00,0.000000e+00,0.000000e+00,0.000000e+00,0.000000e+00,0.000000e+00,0.000000e+00,0.000000e+00,0.000000e+00,0.000000e+00
1.000000e+00,0.000000e+00,0.000000e+00,0.000000e+00,0.000000e+00,0.000000e+00,0.000000e+00,0.000000e+00,0.000000e+00,0.000000e+00,0.000000e+00,0.000000e+00,0.000000e+00,0.000000e+00,0.000000e+00
1.000000e+00,0.000000e+00,0.000000e+00,0.000000e+00,0.000000e+00,0.000000e+00,0.000000e+00,0.000000e+00,0.000000e+00,0.000000e+00,0.000000e+00,0.000000e+00,0.000000e+00,0.000000e+00,0.000000e+00
1.000000e+00,0.000000e+00,0.000000e+00,0.000000e+00,0.000000e+00,0.000000e+00,0.000000e+00,0.000000e+00,0.000000e+00,0.000000e+00,0.000000e+00,0.000000e+00,0.000000e+00,0.000000e+00,0.000000e+00
1.000000e+00,0.000000e+00,0.000000e+00,0.000000e+00,0.000000e+00,0.000000e+00,0.000000e+00,0.000000e+00,0.000000e+00,0.000000e+00,0.000000e+00,0.000000e+00,0.000000e+00,0.000000e+00,0.000000e+00
1.000000e+00,0.000000e+00,0.000000e+00,0.000000e+00,0.000000e+00,0.000000e+00,0.000000e+00,0.000000e+00,0.000000e+00,0.000000e+00,0.000000e+00,0.000000e+00,0.000000e+00,0.000000e+00,0.000000e+00
1.000000e+00,0.000000e+00,0.000000e+00,0.000000e+00,0.000000e+00,0.000000e+00,0.000000e+00,0.000000e+00,0.000000e+00,0.000000e+00,0.000000e+00,0.000000e+00,0.000000e+00,0.000000e+00,0.000000e+00
1.000000e+00,0.000000e+00,0.000000e+00,0.000000e+00,0.000000e+00,0.000000e+00,0.000000e+00,0.000000e+00,0.000000e+00,0.000000e+00,0.000000e+00,0.000000e+00,0.000000e+00,0.000000e+00,0.000000e+00
1.000000e+00,0.000000e+00,0.000000e+00,0.000000e+00,0.000000e+00,0.000000e+00,0.000000e+00,0.000000e+00,0.000000e+00,0.000000e+00,0.000000e+00,0.000000e+00,0.000000e+00,0.000000e+00,0.000000e+00
1.000000e+00,0.000000e+00,0.000000e+00,0.000000e+00,0.000000e+00,0.000000e+00,0.000000e+00,0.000000e+00,0.000000e+00,0.000000e+00,0.000000e+00,0.000000e+00,0.000000e+00,0.000000e+00,0.000000e+00
1.000000e+00,0.000000e+00,0.000000e+00,0.000000e+00,0.000000e+00,0.000000e+00,0.000000e+00,0.000000e+00,0.000000e+00,0.000000e+00,0.000000e+00,0.000000e+00,0.000000e+00,0.000000e+00,0.000000e+00
1.000000e+00,0.000000e+00,0.000000e+00,0.000000e+00,0.000000e+00,0.000000e+00,0.000000e+00,0.000000e+00,0.000000e+00,0.000000e+00,0.000000e+00,0.000000e+00,0.000000e+00,0.000000e+00,0.000000e+00
1.000000e+00,0.000000e+00,0.000000e+00,0.000000e+00,0.000000e+00,0.000000e+00,0.000000e+00,0.000000e+00,0.000000e+00,0.000000e+00,0.000000e+00,0.000000e+00,0.000000e+00,0.000000e+00,0.000000e+00
1.000000e+00,0.000000e+00,0.000000e+00,0.000000e+00,0.000000e+00,0.000000e+00,0.000000e+00,0.000000e+00,0.000000e+00,0.000000e+00,0.000000e+00,0.000000e+00,0.000000e+00,0.000000e+00,0.000000e+00
1.000000e+00,0.000000e+00,0.000000e+00,0.000000e+00,0.000000e+00,0.000000e+00,0.000000e+00,0.000000e+00,0.000000e+00,0.000000e+00,0.000000e+00,0.000000e+00,0.000000e+00,0.000000e+00,0.000000e+00
1.000000e+00,0.000000e+00,0.000000e+00,0.000000e+00,0.000000e+00,0.000000e+00,0.000000e+00,0.000000e+00,0.000000e+00,0.000000e+00,0.000000e+00,0.000000e+00,0.000000e+00,0.000000e+00,0.000000e+00
1.000000e+00,0.000000e+00,0.000000e+00,0.000000e+00,0.000000e+00,0.000000e+00,0.000000e+00,0.000000e+00,0.000000e+00,0.000000e+00,0.000000e+00,0.000000e+00,0.000000e+00,0.000000e+00,0.000000e+00
1.000000e+00,0.000000e+00,0.000000e+00,0.000000e+00,0.000000e+00,0.000000e+00,0.000000e+00,0.000000e+00,0.000000e+00,0.000000e+00,0.000000e+00,0.000000e+00,0.000000e+00,0.000000e+00,0.000000e+00
1.000000e+00,0.000000e+00,0.000000e+00,0.000000e+00,0.000000e+00,0.000000e+00,0.000000e+00,0.000000e+00,0.000000e+00,0.000000e+00,0.000000e+00,0.000000e+00,0.000000e+00,0.000000e+00,0.000000e+00
1.000000e+00,0.000000e+00,0.000000e+00,0.000000e+00,0.000000e+00,0.000000e+00,0.000000e+00,0.000000e+00,0.000000e+00,0.000000e+00,0.000000e+00,0.000000e+00,0.000000e+00,0.000000e+00,0.000000e+00
1.000000e+00,0.000000e+00,0.000000e+00,0.000000e+00,0.000000e+00,0.000000e+00,0.000000e+00,0.000000e+00,0.000000e+00,0.000000e+00,0.000000e+00,0.000000e+00,0.000000e+00,0.000000e+00,0.000000e+00
1.000000e+00,0.000000e+00,0.000000e+00,0.000000e+00,0.000000e+00,0.000000e+00,0.000000e+00,0.000000e+00,0.000000e+00,0.000000e+00,0.000000e+00,0.000000e+00,0.000000e+00,0.000000e+00,0.000000e+00
1.000000e+00,0.000000e+00,0.000000e+00,0.000000e+00,0.000000e+00,0.000000e+00,0.000000e+00,0.000000e+00,0.000000e+00,0.000000e+00,0.000000e+00,0.000000e+00,0.000000e+00,0.000000e+00,0.000000e+00
1.000000e+00,0.000000e+00,0.000000e+00,0.000000e+00,0.000000e+00,0.000000e+00,0.000000e+00,0.000000e+00,0.000000e+00,0.000000e+00,0.000000e+00,0.000000e+00,0.000000e+00,0.000000e+00,0.000000e+00
1.000000e+00,0.000000e+00,0.000000e+00,0.000000e+00,0.000000e+00,0.000000e+00,0.000000e+00,0.000000e+00,0.000000e+00,0.000000e+00,0.000000e+00,0.000000e+00,0.000000e+00,0.000000e+00,0.000000e+00
1.000000e+00,0.000000e+00,0.000000e+00,0.000000e+00,0.000000e+00,0.000000e+00,0.000000e+00,0.000000e+00,0.000000e+00,0.000000e+00,0.000000e+00,0.000000e+00,0.000000e+00,0.000000e+00,0.000000e+00
1.000000e+00,0.000000e+00,0.000000e+00,0.000000e+00,0.000000e+00,0.000000e+00,0.000000e+00,0.000000e+00,0.000000e+00,0.000000e+00,0.000000e+00,0.000000e+00,0.000000e+00,0.000000e+00,0.000000e+00
1.000000e+00,0.000000e+00,0.000000e+00,0.000000e+00,0.000000e+00,0.000000e+00,0.000000e+00,0.000000e+00,0.000000e+00,0.000000e+00,0.000000e+00,0.000000e+00,0.000000e+00,0.000000e+00,0.000000e+00
1.000000e+00,0.000000e+00,0.000000e+00,0.000000e+00,0.000000e+00,0.000000e+00,0.000000e+00,0.000000e+00,0.000000e+00,0.000000e+00,0.000000e+00,0.000000e+00,0.000000e+00,0.000000e+00,0.000000e+00
1.000000e+00,0.000000e+00,0.000000e+00,0.000000e+00,0.000000e+00,0.000000e+00,0.000000e+00,0.000000e+00,0.000000e+00,0.000000e+00,0.000000e+00,0.000000e+00,0.000000e+00,0.000000e+00,0.000000e+00
1.000000e+00,0.000000e+00,0.000000e+00,0.000000e+00,0.000000e+00,0.000000e+00,0.000000e+00,0.000000e+00,0.000000e+00,0.000000e+00,0.000000e+00,0.000000e+00,0.000000e+00,0.000000e+00,0.000000e+00
1.000000e+00,0.000000e+00,0.000000e+00,0.000000e+00,0.000000e+00,0.000000e+00,0.000000e+00,0.000000e+00,0.000000e+00,0.000000e+00,0.000000e+00,0.000000e+00,0.000000e+00,0.000000e+00,0.000000e+00
1.000000e+00,0.000000e+00,0.000000e+00,0.000000e+00,0.000000e+00,0.000000e+00,0.000000e+00,0.000000e+00,0.000000e+00,0.000000e+00,0.000000e+00,0.000000e+00,0.000000e+00,0.000000e+00,0.000000e+00
1.000000e+00,0.000000e+00,0.000000e+00,0.000000e+00,0.000000e+00,0.000000e+00,0.000000e+00,0.000000e+00,0.000000e+00,0.000000e+00,0.000000e+00,0.000000e+00,0.000000e+00,0.000000e+00,0.000000e+00
1.000000e+00,0.000000e+00,0.000000e+00,0.000000e+00,0.000000e+00,0.000000e+00,0.000000e+00,0.000000e+00,0.000000e+00,0.000000e+00,0.000000e+00,0.000000e+00,0.000000e+00,0.000000e+00,0.000000e+00
1.000000e+00,0.000000e+00,0.000000e+00,0.000000e+00,0.000000e+00,0.000000e+00,0.000000e+00,0.000000e+00,0.000000e+00,0.000000e+00,0.000000e+00,0.000000e+00,0.000000e+00,0.000000e+00,0.000000e+00
1.000000e+00,0.000000e+00,0.000000e+00,0.000000e+00,0.000000e+00,0.000000e+00,0.000000e+00,0.000000e+00,0.000000e+00,0.000000e+00,0.000000e+00,0.000000e+00,0.000000e+00,0.000000e+00,0.000000e+00
1.000000e+00,0.000000e+00,0.000000e+00,0.000000e+00,0.000000e+00,0.000000e+00,0.000000e+00,0.000000e+00,0.000000e+00,0.000000e+00,0.000000e+00,0.000000e+00,0.000000e+00,0.000000e+00,0.000000e+00
1.000000e+00,0.000000e+00,0.000000e+00,0.000000e+00,0.000000e+00,0.000000e+00,0.000000e+00,0.000000e+00,0.000000e+00,0.000000e+00,0.000000e+00,0.000000e+00,0.000000e+00,0.000000e+00,0.000000e+00
1.000000e+00,0.000000e+00,0.000000e+00,0.000000e+00,0.000000e+00,0.000000e+00,0.000000e+00,0.000000e+00,0.000000e+00,0.000000e+00,0.000000e+00,0.000000e+00,0.000000e+00,0.000000e+00,0.000000e+00
1.000000e+00,0.000000e+00,0.000000e+00,0.000000e+00,0.000000e+00,0.000000e+00,0.000000e+00,0.000000e+00,0.000000e+00,0.000000e+00,0.000000e+00,0.000000e+00,0.000000e+00,0.000000e+00,0.000000e+00
1.000000e+00,0.000000e+00,0.000000e+00,0.000000e+00,0.000000e+00,0.000000e+00,0.000000e+00,0.000000e+00,0.000000e+00,0.000000e+00,0.000000e+00,0.000000e+00,0.000000e+00,0.000000e+00,0.000000e+00
1.000000e+00,0.000000e+00,0.000000e+00,0.000000e+00,0.000000e+00,0.000000e+00,0.000000e+00,0.000000e+00,0.000000e+00,0.000000e+00,0.000000e+00,0.000000e+00,0.000000e+00,0.000000e+00,0.000000e+00
1.000000e+00,0.000000e+00,0.000000e+00,0.000000e+00,0.000000e+00,0.000000e+00,0.000000e+00,0.000000e+00,0.000000e+00,0.000000e+00,0.000000e+00,0.000000e+00,0.000000e+00,0.000000e+00,0.000000e+00
1.000000e+00,0.000000e+00,0.000000e+00,0.000000e+00,0.000000e+00,0.000000e+00,0.000000e+00,0.000000e+00,0.000000e+00,0.000000e+00,0.000000e+00,0.000000e+00,0.000000e+00,0.000000e+00,0.000000e+00
1.000000e+00,0.000000e+00,0.000000e+00,0.000000e+00,0.000000e+00,0.000000e+00,0.000000e+00,0.000000e+00,0.000000e+00,0.000000e+00,0.000000e+00,0.000000e+00,0.000000e+00,0.000000e+00,0.000000e+00
1.000000e+00,0.000000e+00,0.000000e+00,0.000000e+00,0.000000e+00,0.000000e+00,0.000000e+00,0.000000e+00,0.000000e+00,0.000000e+00,0.000000e+00,0.000000e+00,0.000000e+00,0.000000e+00,0.000000e+00
1.000000e+00,0.000000e+00,0.000000e+00,0.000000e+00,0.000000e+00,0.000000e+00,0.000000e+00,0.000000e+00,0.000000e+00,0.000000e+00,0.000000e+00,0.000000e+00,0.000000e+00,0.000000e+00,0.000000e+00
1.000000e+00,0.000000e+00,0.000000e+00,0.000000e+00,0.000000e+00,0.000000e+00,0.000000e+00,0.000000e+00,0.000000e+00,0.000000e+00,0.000000e+00,0.000000e+00,0.000000e+00,0.000000e+00,0.000000e+00
1.000000e+00,0.000000e+00,0.000000e+00,0.000000e+00,0.000000e+00,0.000000e+00,0.000000e+00,0.000000e+00,0.000000e+00,0.000000e+00,0.000000e+00,0.000000e+00,0.000000e+00,0.000000e+00,0.000000e+00
1.000000e+00,0.000000e+00,0.000000e+00,0.000000e+00,0.000000e+00,0.000000e+00,0.000000e+00,0.000000e+00,0.000000e+00,0.000000e+00,0.000000e+00,0.000000e+00,0.000000e+00,0.000000e+00,0.000000e+00
1.000000e+00,0.000000e+00,0.000000e+00,0.000000e+00,0.000000e+00,0.000000e+00,0.000000e+00,0.000000e+00,0.000000e+00,0.000000e+00,0.000000e+00,0.000000e+00,0.000000e+00,0.000000e+00,0.000000e+00
1.000000e+00,0.000000e+00,0.000000e+00,0.000000e+00,0.000000e+00,0.000000e+00,0.000000e+00,0.000000e+00,0.000000e+00,0.000000e+00,0.000000e+00,0.000000e+00,0.000000e+00,0.000000e+00,0.000000e+00
1.000000e+00,0.000000e+00,0.000000e+00,0.000000e+00,0.000000e+00,0.000000e+00,0.000000e+00,0.000000e+00,0.000000e+00,0.000000e+00,0.000000e+00,0.000000e+00,0.000000e+00,0.000000e+00,0.000000e+00
1.000000e+00,0.000000e+00,0.000000e+00,0.000000e+00,0.000000e+00,0.000000e+00,0.000000e+00,0.000000e+00,0.000000e+00,0.000000e+00,0.000000e+00,0.000000e+00,0.000000e+00,0.000000e+00,0.000000e+00
1.000000e+00,0.000000e+00,0.000000e+00,0.000000e+00,0.000000e+00,0.000000e+00,0.000000e+00,0.000000e+00,0.000000e+00,0.000000e+00,0.000000e+00,0.000000e+00,0.000000e+00,0.000000e+00,0.000000e+00
1.000000e+00,0.000000e+00,0.000000e+00,0.000000e+00,0.000000e+00,0.000000e+00,0.000000e+00,0.000000e+00,0.000000e+00,0.000000e+00,0.000000e+00,0.000000e+00,0.000000e+00,0.000000e+00,0.000000e+00
1.000000e+00,0.000000e+00,0.000000e+00,0.000000e+00,0.000000e+00,0.000000e+00,0.000000e+00,0.000000e+00,0.000000e+00,0.000000e+00,0.000000e+00,0.000000e+00,0.000000e+00,0.000000e+00,0.000000e+00
1.000000e+00,0.000000e+00,0.000000e+00,0.000000e+00,0.000000e+00,0.000000e+00,0.000000e+00,0.000000e+00,0.000000e+00,0.000000e+00,0.000000e+00,0.000000e+00,0.000000e+00,0.000000e+00,0.000000e+00
1.000000e+00,0.000000e+00,0.000000e+00,0.000000e+00,0.000000e+00,0.000000e+00,0.000000e+00,0.000000e+00,0.000000e+00,0.000000e+00,0.000000e+00,0.000000e+00,0.000000e+00,0.000000e+00,0.000000e+00
1.000000e+00,0.000000e+00,0.000000e+00,0.000000e+00,0.000000e+00,0.000000e+00,0.000000e+00,0.000000e+00,0.000000e+00,0.000000e+00,0.000000e+00,0.000000e+00,0.000000e+00,0.000000e+00,0.000000e+00
1.000000e+00,0.000000e+00,0.000000e+00,0.000000e+00,0.000000e+00,0.000000e+00,0.000000e+00,0.000000e+00,0.000000e+00,0.000000e+00,0.000000e+00,0.000000e+00,0.000000e+00,0.000000e+00,0.000000e+00
1.000000e+00,0.000000e+00,0.000000e+00,0.000000e+00,0.000000e+00,0.000000e+00,0.000000e+00,0.000000e+00,0.000000e+00,0.000000e+00,0.000000e+00,0.000000e+00,0.000000e+00,0.000000e+00,0.000000e+00
1.000000e+00,0.000000e+00,0.000000e+00,0.000000e+00,0.000000e+00,0.000000e+00,0.000000e+00,0.000000e+00,0.000000e+00,0.000000e+00,0.000000e+00,0.000000e+00,0.000000e+00,0.000000e+00,0.000000e+00
1.000000e+00,0.000000e+00,0.000000e+00,0.000000e+00,0.000000e+00,0.000000e+00,0.000000e+00,0.000000e+00,0.000000e+00,0.000000e+00,0.000000e+00,0.000000e+00,0.000000e+00,0.000000e+00,0.000000e+00
1.000000e+00,0.000000e+00,0.000000e+00,0.000000e+00,0.000000e+00,0.000000e+00,0.000000e+00,0.000000e+00,0.000000e+00,0.000000e+00,0.000000e+00,0.000000e+00,0.000000e+00,0.000000e+00,0.000000e+00
1.000000e+00,0.000000e+00,0.000000e+00,0.000000e+00,0.000000e+00,0.000000e+00,0.000000e+00,0.000000e+00,0.000000e+00,0.000000e+00,0.000000e+00,0.000000e+00,0.000000e+00,0.000000e+00,0.000000e+00
1.000000e+00,0.000000e+00,0.000000e+00,0.000000e+00,0.000000e+00,0.000000e+00,0.000000e+00,0.000000e+00,0.000000e+00,0.000000e+00,0.000000e+00,0.000000e+00,0.000000e+00,0.000000e+00,0.000000e+00
1.000000e+00,0.000000e+00,0.000000e+00,0.000000e+00,0.000000e+00,0.000000e+00,0.000000e+00,0.000000e+00,0.000000e+00,0.000000e+00,0.000000e+00,0.000000e+00,0.000000e+00,0.000000e+00,0.000000e+00
1.000000e+00,0.000000e+00,0.000000e+00,0.000000e+00,0.000000e+00,0.000000e+00,0.000000e+00,0.000000e+00,0.000000e+00,0.000000e+00,0.000000e+00,0.000000e+00,0.000000e+00,0.000000e+00,0.000000e+00
1.000000e+00,0.000000e+00,0.000000e+00,0.000000e+00,0.000000e+00,0.000000e+00,0.000000e+00,0.000000e+00,0.000000e+00,0.000000e+00,0.000000e+00,0.000000e+00,0.000000e+00,0.000000e+00,0.000000e+00
